0.0
0.0
0.0
0.0
0.1
0.0
0.0
0.01
3.330748433128941e-05
1.1099302066267345e-06
6.653009254503246e-05
3.326325079285617e-06
0.09966692515668713
0.009988900697933732
-0.0006653009254503244
0.009966736749207145
0.00013272345157156764
8.838107741153751e-06
0.00013205180705168817
1.3202385850523866e-05
0.09867276548428436
0.019911618922588456
-0.0013205180705168815
0.009867976141494763
0.00029675567149133704
2.9599849933027667e-05
0.00019561066761123545
2.9328088538581876e-05
0.09703244328508666
0.029704001500669715
-0.001956106676112354
0.009706719114614184
0.0005230046081038672
6.942144516391906e-05
0.00025635363389351853
5.12307134598433e-05
0.09476995391896136
0.039305785548360804
-0.0025635363389351854
0.009487692865401569
0.0008082840141824851
0.00013378504461112277
0.00031356520103564497
7.830154985756143e-05
0.09191715985817518
0.04866214955388876
-0.0031356520103564497
0.009216984501424387
0.0011487706219585354
0.00022751404915428755
0.0003666892003046406
0.00010983931409218447
0.08851229378041467
0.05772485950845712
-0.003666892003046407
0.008901606859078157
0.0015401681870351896
0.0003547029654220142
0.00041533591010253947
0.00014509475712103881
0.08459831812964813
0.06645297034577985
-0.004153359101025395
0.008549052428789613
0.001977872015115078
0.0005186904162356223
0.00045927619779935605
0.00018331169730782018
0.08022127984884925
0.07481309583764377
-0.004592761977993561
0.008166883026921801
0.0024571223245284635
0.0007220699217434689
0.0004984258084806069
0.00022376111059243514
0.07542877675471538
0.0827793007825653
-0.004984258084806069
0.007762388894075651
0.002973138539544736
0.0009667305598800132
0.0005328234182505988
0.0002657666441462433
0.07026861460455265
0.09033269440119984
-0.005328234182505989
0.007342333558537569
0.0035212299680671224
0.00125391871630838
0.0005626058996575914
0.00030872133425700356
0.06478770031932879
0.09746081283691617
-0.005626058996575914
0.006912786657429967
0.004096881521887317
0.0015843124540464656
0.0005879836057353795
0.00035209639633809693
0.05903118478112683
0.10415687545953532
-0.0058798360573537965
0.006479036036619033
0.0046958156074293255
0.00195810134123742
0.0006092176123222347
0.0003954435588311403
0.05304184392570674
0.11041898658762576
-0.0060921761232223485
0.0060455644116886
0.005314032738737963
0.002375066061837778
0.0006266000778754691
0.00043839260234135357
0.046859672612620355
0.1162493393816222
-0.006266000778754692
0.005616073976586466
0.005947834288158386
0.002834653842064946
0.0006404381877033052
0.00048064569310848736
0.04052165711841612
0.12165346157935052
-0.006404381877033053
0.005193543068915128
0.006593830983729536
0.003336047180356869
0.0006510416719481226
0.0005219698600663392
0.03406169016270462
0.12663952819643126
-0.006510416719481227
0.0047803013993366105
0.00724894058915703
0.003878224574218428
0.0006587135823982767
0.0005621886617980672
0.02751059410842967
0.13121775425781568
-0.006587135823982769
0.0043781133820193305
0.007910377798333689
0.004460012833813554
0.0006637438592104161
0.0006011737915033752
0.020896222016663087
0.1353998716618644
-0.006637438592104162
0.00398826208496625
0.008575638874174573
0.005080131186043678
0.0006664051710688162
0.0006388371100248745
0.01424361125825424
0.13919868813956307
-0.006664051710688164
0.0036116288997512574
0.009242483060633204
0.005737227743425753
0.0006669505311145692
0.0006751233963071607
0.007575169393667928
0.14262772256574238
-0.006669505311145694
0.0032487660369283954
0.009908912293123389
0.006429909162324651
0.0006656122454944054
0.0007100039448464887
0.0009108770687660792
0.14570090837675345
-0.006656122454944056
0.0028999605515351162
0.010573150393171783
0.0071567643114993475
0.0006626018252513988
0.0007434710542028187
-0.0057315039317178676
0.1484323568850065
-0.006626018252513989
0.002565289457971816
0.011233622532804115
0.007916382873220468
0.0006581105601058195
0.0007755333653216097
-0.012336225328041192
0.1508361712677953
-0.0065811056010581966
0.002244666346783905
0.011888935461248128
0.008707369704008927
0.0006523105289373234
0.000806211975460064
-0.018889354612481306
0.1529263029599107
-0.006523105289373236
0.0019378802453993618
0.012537858908316
0.009528355637186585
0.0006453558658855257
0.0008355372563648442
-0.02537858908316004
0.15471644362813408
-0.0064535586588552575
0.0016446274363515591
0.013179308339895635
0.010378005412912394
0.0006373841572735147
0.0008635462724194124
-0.031793083398956395
0.15621994587087604
-0.006373841572735149
0.0013645372758058774
0.013812329175999822
0.01125502329223101
0.0006285178795391814
0.0008902807099726281
-0.038123291759998276
0.15744976707768985
-0.0062851787953918156
0.0010971929002737207
0.014436082322230714
0.012158156839286735
0.0006188658268328513
0.0009157852254559444
-0.04436082322230718
0.15841843160713256
-0.006188658268328515
0.0008421477454405575
0.015049831183350884
0.013086199208441555
0.0006085244668854027
0.0009401061592540261
-0.0504983118335089
0.15913800791558438
-0.006085244668854028
0.0005989384074597409
0.015652930058319286
0.0140379903073916
0.0005975792148950259
0.0009632905368293693
-0.05652930058319291
0.15962009692608392
-0.005975792148950261
0.0003670946317063094
0.016244813606824903
0.015012417084333051
0.0005861056248805444
0.000985385295509245
-0.062448136068249116
0.15987582915666942
-0.005861056248805445
0.00014614704490755105
0.01682498753690649
0.016008413128613938
0.0005741704635123725
0.0010064367094874888
-0.06824987536906496
0.15991586871386054
-0.005741704635123726
-6.436709487488699e-05
0.017393020396528437
0.017024957798366974
0.0005618326845581988
0.0010264899646381734
-0.07393020396528441
0.15975042201633016
-0.005618326845581989
-0.0002648996463817315
0.017948536119965535
0.018061074953997322
0.0005491443203938858
0.0010455888474922809
-0.07948536119965538
0.15938925046002664
-0.005491443203938858
-0.0004558884749228067
0.018491207530649666
0.019115831446298883
0.0005361512624732126
0.0010637755339387646
-0.0849120753064967
0.15884168553701106
-0.005361512624732126
-0.0006377553393876457
0.019020750617116104
0.020188335452535046
0.0005228939648881111
0.0010810904504653589
-0.09020750617116109
0.15811664547464946
-0.005228939648881111
-0.0008109045046535864
0.019536919313964184
0.021277734643511643
0.0005094080773692019
0.0010975721904742963
-0.09536919313964189
0.15722265356488346
-0.005094080773692019
-0.0009757219047429599
0.020039501074478185
0.02238321436764584
0.0004957249887061639
0.001113257476689564
-0.1003950107447819
0.15616785632354144
-0.004957249887061639
-0.001132574766895639
0.02052831280847044
0.023503995751234956
0.00048187232832843497
0.001128181156463628
-0.10528312808470443
0.15496004248765027
-0.0048187232832843496
-0.0012818115646362801
0.021003197338369826
0.02463933382792263
0.0004678743946977175
0.0011423762203727908
-0.11003197338369831
0.15360666172077359
-0.004678743946977175
-0.0014237622037279072
0.021464020320190274
0.025788515731738796
0.0004537525391541001
0.0011558738412980967
-0.11464020320190278
0.1521148426826119
-0.004537525391541001
-0.0015587384129809674
0.02191066738434492
0.026950858850070186
0.0004395255093957533
0.0011687034251699616
-0.11910667384344924
0.15049141149929807
-0.004395255093957533
-0.0016870342516996154
0.022343041780111508
0.028125709153271276
0.00042520974034076966
0.0011808926698462984
-0.12343041780111515
0.14874290846728708
-0.004252097403407697
-0.0018089266984629838
0.022761062105208035
0.02931243944737559
0.00041081962806684927
0.001192467632986789
-0.1276106210520804
0.14687560552624399
-0.0041081962806684925
-0.0019246763298678905
0.02316466046429153
0.03051044783528204
0.0003963677524164939
0.0012034527977891865
-0.13164660464291536
0.14489552164717948
-0.003963677524164939
-0.0020345279778918642
0.023553780698600233
0.031719156121201825
0.00038186509207544287
0.0012138711469663224
-0.1355378069860024
0.1428084387879816
-0.0038186509207544287
-0.002138711469663224
0.023928376916768
0.03293800838784835
0.0003673211982031971
0.001223744229194732
-0.13928376916768004
0.14061991612151634
-0.0036732119820319714
-0.002237442291947319
0.024288412126920834
0.03416646956811254
0.00035274436142890985
0.001233092232098573
-0.14288412126920838
0.13833530431887447
-0.003527443614289099
-0.002330922320985731
0.02463385705819817
0.03540402413574433
0.0003381417485612052
0.0012419340459540306
-0.14633857058198174
0.1359597586425566
-0.0033814174856120526
-0.002419340459540306
0.02496468909937085
0.03665017483050643
0.0003235195324090107
0.001250287332104319
-0.14964689099370856
0.13349825169493565
-0.0032351953240901082
-0.0025028733210431912
0.025280891359485008
0.03790444146702894
0.00030888299932493293
0.001258168581647595
-0.15280891359485013
0.1309555853297104
-0.0030888299932493295
-0.002581685816475949
0.025582451833681578
0.03916635978731433
0.0002942366511587136
0.0012655931779403076
-0.15582451833681585
0.12833640212685657
-0.0029423665115871364
-0.002655931779403078
0.02586936266455914
0.040435480393184446
0.0002795842892709883
0.0012725754488422255
-0.15869362664559145
0.12564519606815538
-0.0027958428927098832
-0.002725754488422256
0.026141619474004677
0.04171136769589035
0.0002649290958883665
0.0012791287230910534
-0.16141619474004684
0.12288632304109635
-0.002649290958883665
-0.002791287230910535
0.026399220794547287
0.04299359897694327
0.00025027369903891044
0.0012852653754373063
-0.16399220794547292
0.12006401023056713
-0.0025027369903891047
-0.0028526537543730624
0.026642167522092107
0.04428176340542915
0.00023562023865643006
0.0012909968769815058
-0.16642167522092113
0.11718236594570829
-0.002356202386564301
-0.0029099687698150587
0.026870462489099602
0.04557546122622317
0.0002209704163689633
0.0012963338334287275
-0.16870462489099608
0.11424538773776807
-0.0022097041636896333
-0.002963338334287274
0.02708411001069047
0.04687430282770684
0.00020632554973988918
0.001301286029046665
-0.17084110010690476
0.11125697172293139
-0.0020632554973988924
-0.0030128602904666503
0.02728311556733978
0.048177908037202774
0.00019168661095101837
0.001305862459389743
-0.17283115567339782
0.10822091962797205
-0.001916866109510184
-0.0030586245938974293
0.027467485435530306
0.04948590524835897
0.00017705427072611747
0.0013100713678106909
-0.17467485435530308
0.10514094751641004
-0.001770542707261175
-0.0031007136781069098
0.02763722644328403
0.05079793077734896
0.00016242892995485566
0.001313920274559737
-0.1763722644328403
0.10202069222651013
-0.0016242892995485569
-0.00313920274559737
0.027792345686787644
0.052113628081884265
0.00014781075404477422
0.0013174160050929667
-0.17792345686787647
0.09886371918115694
-0.001478107540447742
-0.0031741600509296686
0.027932850326482375
0.05343264711843949
0.00013319970072874946
0.001320564716486565
-0.1793285032648238
0.09567352881560484
-0.0013319970072874943
-0.00320564716486565
0.028058747390111115
0.054754643689032594
0.00011859554567450528
0.0013233719182576158
-0.18058747390111118
0.0924535631096737
-0.0011859554567450526
-0.00323371918257616
0.028170043591971734
0.0560792787532292
0.00010399790846637405
0.0013258424954019025
-0.1817004359197174
0.08920721246770771
-0.0010399790846637403
-0.0032584249540190263
0.02826674520753731
0.05740621790237322
8.940627125334112e-05
0.0013279807237853258
-0.18266745207537316
0.08593782097626745
-0.0008940627125334111
-0.0032798072378532597
0.028348857925414098
0.058735130654332876
7.482000250608649e-05
0.00132979028792231
-0.18348857925414103
0.0826486934566709
-0.0007482000250608649
-0.003297902879223101
0.028416386758666888
0.060065689959891706
6.0238372752967715e-05
0.0013312742935019668
-0.18416386758666892
0.07934310040108265
-0.0006023837275296773
-0.003312742935019669
0.028469335948885188
0.06139757157989289
4.566057387249021e-05
0.0013324352788706623
-0.18469335948885188
0.07602428420107075
-0.0004566057387249023
-0.0033243527887066257
0.02850770889402734
0.06273045350918251
3.108573586844901e-05
0.0013332752250029716
-0.18507708894027342
0.07269546490817473
-0.00031085735868449036
-0.003332752250029717
0.028531508100949586
0.06406401549851945
1.651294058042375e-05
0.0013337955617096586
-0.1853150810094959
0.06935984501480531
-0.00016512940580423773
-0.003337955617096587
0.0285407351405472
0.06539793839982608
1.9412400846722857e-06
0.00133399717384179
-0.18540735140547202
0.06602061600173907
-1.9412400846723113e-05
-0.0033399717384179034
0.028535390623795853
0.06673190371826043
-1.2630331454552448e-05
0.0013338804037697242
-0.18535390623795853
0.06268096281739548
0.00012630331454552428
-0.003338804037697245
0.028515474196995967
0.06806559302644778
-2.7202741488024665e-05
0.001333445053321826
-0.18515474196995968
0.05934406973552191
0.00027202741488024636
-0.0033344505332182635
0.02848098454382333
0.06939868739070765
-4.177694384879058e-05
0.0013326903823244836
-0.18480984543823328
0.056013126092923325
0.0004177694384879055
-0.003326903823244839
0.028431919401151914
0.07073086692481588
-5.635386662462019e-05
0.0013316151064891926
-0.18431919401151914
0.052691330751841056
0.0005635386662462016
-0.0033161510648919298
0.028368275607791683
0.07206181013555198
-7.093439374648676e-05
0.0013302173926775527
-0.18368275607791684
0.04938189864447993
0.0007093439374648673
-0.0033021739267755294
0.028290049137184005
0.07339119343411052
-8.551935153636448e-05
0.0013284948513371017
-0.18290049137184003
0.0460880656588945
0.0008551935153636444
-0.0032849485133710195
0.028197235173562398
0.07471869058848118
-0.00010010949246664683
0.0013264445295971385
-0.18197235173562396
0.0428130941151878
0.001001094924666468
-0.0032644452959713862
0.02808982820441293
0.07604397206603052
-0.00011470547520956268
0.001324062898008701
-0.18089828204412928
0.03956027933969444
0.0011470547520956267
-0.0032406289800870113
0.02796782209180476
0.07736670457394884
-0.00012930785023295828
0.0013213458393829282
-0.17967822091804758
0.036332954260511224
0.0012930785023295825
-0.003213458393829285
0.027831210228540907
0.0786865503767374
-0.00014391703704404635
0.0013182886338412457
-0.17831210228540906
0.033134496232625626
0.001439170370440463
-0.003182886338412459
0.027679985658568503
0.08000316668276189
-0.00015853330266990653
0.001314885938662562
-0.176799856585685
0.029968333172380842
0.0015853330266990652
-0.0031488593866256217
0.027514141228027148
0.08131620510248246
-0.00017315674174288534
0.0013111317727037325
-0.17514141228027147
0.0268379489751751
0.0017315674174288532
-0.0031113177270373276
0.027333669816778303
0.08262531086823222
-0.00018778724586556328
0.0013070194904315916
-0.173336698167783
0.02374689131767732
0.0018778724586556326
-0.0030701949043159178
0.02713856449355555
0.08393012226584996
-0.00020242447983511214
0.0013025417587849094
-0.1713856449355555
0.020698777341500104
0.002024244798351121
-0.003025417587849096
0.02692881880318681
0.08523026990242838
-0.00021706784965391853
0.0012976905316641923
-0.16928818803186807
0.017697300975715785
0.002170678496539185
-0.002976905316641925
0.026704427044158395
0.08652537590949737
-0.00023171646451288806
0.0012924570149032055
-0.16704427044158393
0.014746240905026076
0.00231716464512888
-0.002924570149032058
0.02646538452834668
0.08781505331573541
-0.00024636910548929224
0.0012868316395193479
-0.1646538452834668
0.011849466842645618
0.002463691054892922
-0.0028683163951934818
0.026211688016199084
0.08909890512200261
-0.00026102417630758474
0.001280804021764531
-0.16211688016199083
0.009010948779973639
0.0026102417630758466
-0.0028080402176453114
0.025943336038092322
0.09037652353534509
-0.00027567965906100193
0.0012743629247777984
-0.15943336038092318
0.006234764646548834
0.002756796590610019
-0.0027436292477779865
0.025660329378938126
0.09164748911774018
-0.0002903330630080112
0.001267496220279105
-0.15660329378938123
0.003525108822597781
0.0029033306300801113
-0.002674962202791053
0.02536267161034477
0.09291136976270463
-0.0003049813574062609
0.0012601908366672789
-0.15362671610344772
0.0008863023729532681
0.0030498135740626084
-0.0026019083666727902
0.025050369569176972
0.09416771988611987
-0.0003196209154559165
0.0012524327184943798
-0.15050369569176972
-0.0016771988611991027
0.003196209154559164
-0.0025243271849438014
0.02472343411783522
0.09541607927135962
-0.00033424742871306426
0.0012442067686621566
-0.14723434117835218
-0.004160792713596782
0.0033424742871306415
-0.0024420676866215674
0.02438188074498818
0.09665597208860399
-0.0003488558288841318
0.0012354967962300897
-0.1438188074498818
-0.006559720886040553
0.003488558288841317
-0.0023549679623009
0.024025730455775097
0.09788690576030494
-0.00036344019171706717
0.0012262854592154778
-0.14025730455775096
-0.00886905760305008
0.0036344019171706704
-0.002262854592154781
0.023655010664108363
0.09910836971144817
-0.0003779936230358764
0.0012165541986882817
-0.13655010664108358
-0.011083697114482179
0.0037799362303587627
-0.0021655419868828194
0.023269756160035886
0.10031983425449294
-0.0003925081499395573
0.0012062831818093738
-0.1326975616003588
-0.013198342544929959
0.003925081499395572
-0.002062831818093741
0.022870010386714244
0.1015207491134773
-0.0004069745662359906
0.0011954512266814273
-0.12870010386714237
-0.01520749113477356
0.004069745662359904
-0.0019545122668142745
0.02245582657219006
0.10271054221176987
-0.0004213822960871161
0.001184035741706575
-0.12455826572190055
-0.017105422117699266
0.004213822960871159
-0.001840357417065753
0.022027269382873565
0.10388861808062622
-0.00043571920024673894
0.0011720126487089297
-0.12027269382873561
-0.01888618080626279
0.004357192002467388
-0.0017201264870893016
0.02158441638875528
0.10505435644492114
-0.0004499713923125551
0.0011593563174943562
-0.11584416388755274
-0.020543564449212143
0.004499713923125549
-0.0015935631749435645
0.021127360100431022
0.10620711057104162
-0.00046412300190337567
0.0011460394931574875
-0.11127360100431019
-0.02207110571041695
0.004641230019033755
-0.0014603949315748776
0.02065620991974197
0.10734620563642852
-0.00047815592730058974
0.0011320332312964507
-0.10656209919741963
-0.02346205636428579
0.004781559273005895
-0.0013203323129645115
0.020171094651361042
0.10847093700908851
-0.0004920495412101648
0.0011173068352071972
-0.10171094651361039
-0.024709370090885797
0.004920495412101647
-0.001173068352071975
0.019672165064505455
0.10958056844808779
-0.0005057803661835188
0.001101827802895631
-0.0967216506450545
-0.025805684480878607
0.005057803661835185
-0.0010182780289563116
0.019159597042388277
0.11067433030680537
-0.0005193217011147878
0.0010855617845239556
-0.09159597042388275
-0.026743303068054433
0.005193217011147874
-0.0008556178452395598
0.018633594892171576
0.11175141763557464
-0.0005326432037149646
0.0010684725578922753
-0.08633594892171573
-0.027514176355747044
0.005326432037149643
-0.0006847255789227567
0.018094395350737275
0.11281098834016923
-0.0005457104106601564
0.0010505220255390452
-0.08094395350737277
-0.02810988340169289
0.005457104106601561
-0.0005052202553904542
0.01754227181247799
0.11385216129058778
-0.0005584842084675055
0.001031670243478502
-0.0754227181247799
-0.028521612905878468
0.005584842084675052
-0.0003167024347850234
0.016977539469274525
0.11487401452039193
-0.0005709202143035921
0.0010118754916251648
-0.06977539469274525
-0.028740145203920098
0.005709202143035918
-0.00011875491625165198
0.016400560677609786
0.11587558350829043
-0.000582968114095788
0.0009910943930765271
-0.06400560677609786
-0.02875583508290492
0.005829681140957878
8.905606923472454e-05
0.015811751538299612
0.11685585959091084
-0.0005945708706531348
0.0009692821124540677
-0.058117515382996095
-0.028558595909109055
0.005945708706531345
0.000307178875459319
0.015211588759483266
0.11781378867360125
-0.0006056638981499184
0.0009463926256869315
-0.05211588759483264
-0.028137886736013237
0.00605663898149918
0.0005360737431306807
0.014600617906158209
0.11874827017278777
-0.0006161740822205554
0.000922379124463981
-0.04600617906158207
-0.027482701727878422
0.006161740822205551
0.0007762087553601863
0.01397946232377164
0.11965815655660243
-0.0006260187452887544
0.0008971945407670713
-0.03979462323771639
-0.026581565566025023
0.00626018745288754
0.0010280545923292833
0.013348833248758124
0.12054225334133153
-0.0006351044885444888
0.0008707922622894196
-0.03348833248758123
-0.025422533413316045
0.006351044885444885
0.0012920773771058008
0.012709541300804233
0.12139932007958676
-0.0006433259281043496
0.0008431270743705954
-0.027095413008042312
-0.023993200795868277
0.0064332592810434925
0.0015687292562940422
0.012062508906028249
0.12222807227029589
-0.0006505643743633327
0.0008141563493215385
-0.02062508906028247
-0.02228072270295952
0.0065056437436333235
0.0018584365067846119
0.01140878449392283
0.12302718470076954
-0.0006566864055573286
0.0007838416114930268
-0.014087844939228284
-0.020271847007696017
0.006566864055573282
0.0021615838850697297
0.010749557906830942
0.12379529659975147
-0.0006615424342079265
0.0007521504793730374
-0.007495579068309409
-0.01795296599751527
0.0066154243420792624
0.002478495206269622
0.010086177149866099
0.12453101878907327
-0.0006649652979580484
0.0007190590894661516
-0.0008617714986609911
-0.015310187890733214
0.006649652979580481
0.002809409105338481
0.009420166812699365
0.12523294374454264
-0.0006667689361281365
0.0006845551394056888
0.005798331873006336
-0.012329437445426963
0.006667689361281362
0.003154448605943109
0.008753247473107604
0.125899658969308
-0.0006667473022179711
0.000648641560647104
0.012467525268923954
-0.008996589693080207
0.006667473022179707
0.003513584393528957
0.008087355996679943
0.12652976426363663
-0.0006646736545674426
0.0006113409499165736
0.019126440033200562
-0.00529764263636662
0.006646736545674423
0.0038865905008342613
0.007424666456270749
0.12712189403260557
-0.0006603004400976032
0.0005727008746036614
0.025753335437292486
-0.0012189403260560307
0.006603004400976028
0.004272991253963383
0.006767610627418662
0.12767474530856962
-0.0006533600582733903
0.0005328000331052304
0.03232389372581337
0.003252546914303664
0.0065336005827339
0.004671999668947694
0.006118897126437056
0.12818711229294869
-0.0006435668473637829
0.0004917552789451284
0.038811028735629416
0.00812887707051301
0.006435668473637825
0.0050824472105487125
0.005481527813078267
0.12865792825318728
-0.0006306207177061788
0.00044972941080676106
0.045184721869217306
0.013420717468127038
0.006306207177061785
0.0055027058919323866
0.004858809565124376
0.12908631573934554
-0.0006142129428364338
0.0004069395128295613
0.05141190434875621
0.019136842606544642
0.006142129428364333
0.005930604871704384
0.004254358913655649
0.12947164504660932
-0.0005940345837253294
0.0003636653528742788
0.057456410863443476
0.025283549533906473
0.005940345837253291
0.006363346471257208
0.0036720967462518547
0.12981360090979754
-0.0005697880618293906
0.00032025721289674755
0.06327903253748142
0.03186399090202443
0.005697880618293901
0.006797427871032521
0.0031162297184898647
0.1301122562802255
-0.000541202243047699
0.00027714216659519236
0.06883770281510132
0.038877437197744905
0.005412022430476987
0.007228578334048073
0.0025912147559310744
0.1303681511763228
-0.0005080511485937916
0.00023482754581075372
0.07408785244068922
0.046318488236772024
0.005080511485937912
0.007651724541892459
0.0021017031308778597
0.13058237294074154
-0.0004701759630083955
0.00019390004859455245
0.07898296869122136
0.05417627059258443
0.004701759630083951
0.008060999514054472
0.001652461258454106
0.13075663271356733
-0.0004275093870279577
0.00015501882474657806
0.08347538741545889
0.062433672864326946
0.004275093870279573
0.008449811752534215
0.0012482666545553397
0.13089333132298786
-0.000380100605730332
0.00011890098686569474
0.08751733345444655
0.07106668677012143
0.0038010060573033157
0.008810990131343049
0.0008937796565905707
0.1309956064244188
-0.00032813829122431117
8.629847673031705e-05
0.09106220343409424
0.08004393575581217
0.0032813829122431072
0.009137015232696827
0.0005933944794675467
0.13106735207655912
-0.0002719683354279303
5.796615715826276e-05
0.09406605520532448
0.08932647923440906
0.0027196833542792983
0.00942033842841737
0.00035107670439417913
0.13111320248056665
-0.0002121026720674716
3.462237942886348e-05
0.09648923295605814
0.09886797519433338
0.0021210267206747107
0.009653776205711364
0.00017019780539533977
0.13113847365981302
-0.00014921586356434212
1.6904909903396918e-05
0.09829802194604653
0.10861526340186989
0.0014921586356434154
0.00983095090096603
5.3380170913167815e-05
0.13114906054584224
-8.412727665725742e-05
5.32666575704448e-06
0.09946619829086824
0.11850939454157755
0.0008412727665725689
0.009946733342429554
2.3673745213998175e-06
0.13115129191731026
-1.7768606082082884e-05
2.3671635948534164e-07
0.0999763262547859
0.12848708082689708
0.00017768606082082397
0.009997632836405146
1.7933441185022488e-05
0.13115175137609156
4.886102072028226e-05
1.792062017081812e-06
0.09982066558814968
0.1384824862390842
-0.000488610207202827
0.00998207937982918
9.984136103318468e-05
0.13115707732731605
0.00011474783480966788
9.944495858023277e-06
0.09900158638966806
0.14842922672683903
-0.0011474783480966834
0.009900555041419765
0.00024685587785675244
0.13117375830816919
0.00017891798791029373
2.444466800465285e-05
0.09753144122143238
0.15826241691830786
-0.0017891798791029425
0.00975555331995347
0.00045680895166820616
0.13120794091562163
0.00024048734222280148
4.4862684852053796e-05
0.09543191048331784
0.1679205908437832
-0.0024048734222280204
0.009551373151479461
0.0007267102521304569
0.13126526527551366
0.0002987009984370626
7.06220023763753e-05
0.09273289747869531
0.17734734724486276
-0.002987009984370632
0.009293779976236245
0.001052890548637411
0.13135073900843197
0.00035295904980899934
0.00010104159951000328
0.08947109451362577
0.18649260991567973
-0.0035295904980900002
0.008989584004899966
0.0014311633314619044
0.13146865518414566
0.0004028275100922998
0.00013538077679609557
0.08568836668538084
0.1953134481585427
-0.004028275100923005
0.008646192232039043
0.0018569904539772124
0.13162255419975813
0.00044803565314552156
0.00017288153574905824
0.08143009546022775
0.20377445800241795
-0.004480356531455222
0.008271184642509416
0.0023256394520876082
0.131815225211412
0.000488462572868147
0.00021280475791034332
0.07674360547912377
0.2118477478858791
-0.004884625728681476
0.007871952420896566
0.0028323234550649366
0.13204873967234687
0.0005241165488909356
0.00025445806813610634
0.07167676544935048
0.21951260327653074
-0.0052411654889093625
0.007455419318638935
0.003372318409487509
0.13232450831447973
0.0005551107503521914
0.00029721485016692386
0.06627681590512476
0.2267549168552022
-0.005551107503521922
0.00702785149833076
0.0039410554433206265
0.13264335293441615
0.0005816382839626263
0.0003405250245164546
0.060589445566793576
0.23356647065583777
-0.005816382839626271
0.006594749754835453
0.004534188898471776
0.13300558538868926
0.0006039487704434624
0.00038391894040801125
0.054658111015282076
0.23994414611310674
-0.006039487704434631
0.006160810595919887
0.005147642293723659
0.1334110877088502
0.0006223278058508336
0.000427006029478183
0.04852357706276323
0.24588912291149687
-0.006223278058508343
0.00572993970521817
0.005777635484313109
0.1338593889436021
0.0006370799353103698
0.00046946985081528533
0.042223645156868723
0.25140611056397794
-0.006370799353103705
0.0053053014918471465
0.0064206966104397925
0.1343497358470722
0.000648515239382787
0.0005110609477002903
0.035793033895601886
0.256502641529277
-0.0064851523938278775
0.0048893905229970966
0.007073662343545475
0.13488115581219168
0.0006569392839422462
0.0005515886450952866
0.02926337656454505
0.2611884418780822
-0.00656939283942247
0.004484113549047134
0.007733669584973784
0.1354525114269002
0.0006626459937619085
0.0005909126133376011
0.022663304150261944
0.26547488573099687
-0.006626459937619093
0.0040908738666239905
0.00839814128824569
0.13606254671631926
0.000665912937466997
0.00062893475262038
0.016018587117542865
0.26937453283680646
-0.006659129374669978
0.003710652473796202
0.00906476856192456
0.13670992557561326
0.0006669985158253869
0.0006655917334666332
0.009352314380754179
0.27290074424386623
-0.006669985158253878
0.0033440826653336696
0.009731490716846094
0.1373932631535242
0.0006661405943165658
0.0007008483626960726
0.0026850928315388157
0.2760673684647569
-0.006661405943165667
0.0029915163730392757
0.01039647449064127
0.13811115104837196
0.000663556191192281
0.000734691831188889
-0.003964744906412951
0.2788884895162794
-0.006635561911922819
0.0026530816881111126
0.011058093363585266
0.13886217717369753
0.0006594419006131126
0.0007671268327992669
-0.010580933635852914
0.28137822826302367
-0.006594419006131134
0.0023287316720073327
0.011714907555186015
0.13964494115610548
0.000653974804808614
0.0007981714836265144
-0.01714907555186042
0.28355058843894426
-0.0065397480480861485
0.002018285163734857
0.012365645142592158
0.14045806600815725
0.0006473136835119505
0.0008278539645884828
-0.023656451425921866
0.2854193399184266
-0.006473136835119514
0.0017214603541151731
0.013009184380040485
0.14130020680344207
0.0006396003926076267
0.0008562097777690706
-0.030091843800405155
0.28699793196557827
-0.006396003926076275
0.0014379022223092956
0.013644537488443598
0.14217005684575448
0.0006309612971707258
0.0008832795513062327
-0.03644537488443628
0.2882994315424545
-0.006309612971707266
0.0011672044869376753
0.014270835936353357
0.14306635187536068
0.0006215086980996721
0.0009091072922726035
-0.04270835936353388
0.2893364812463925
-0.006215086980996729
0.0009089270772739663
0.014887317051562484
0.14398787274376307
0.0006113422169040977
0.0009337390028743999
-0.04887317051562517
0.2901212725623686
-0.006113422169040985
0.0006626099712560021
0.015493311945029606
0.14493344684470072
0.000600550098975485
0.0009572216066867858
-0.054933119450296386
0.29066553155299185
-0.0060055009897548575
0.00042778393313214354
0.016088234819385365
0.1459019486024438
0.0005892104132736212
0.0009796021291611512
-0.06088234819385399
0.29098051397556113
-0.005892104132736219
0.0002039787083884905
0.016671573343129003
0.1468922992543619
0.0005773921660326167
0.0010009270697627557
-0.0667157334312904
0.29107700745637993
-0.005773921660326174
-9.270697627555199e-06
0.017242880030594626
0.1479034660660569
0.0005651563078010804
0.0010212419370077364
-0.07242880030594663
0.2909653393394301
-0.005651563078010812
-0.00021241937007736273
0.017801764748161406
0.1489344611815991
0.0005525566299645314
0.0010405909154635135
-0.07801764748161445
0.29065538818400805
-0.0055255662996453216
-0.00040590915463513416
0.018347887904885136
0.14998434016275242
0.0005396405890788713
0.0010590166267717956
-0.08347887904885178
0.2901565983724748
-0.00539640589078872
-0.0005901662677179555
0.01888095447255145
0.15105220033258168
0.0005264500263783865
0.001076559972972673
-0.08880954472551493
0.2894779966741819
-0.0052645002637838716
-0.0007655997297267314
0.01940070878541661
0.15213717903643625
0.0005130218099987893
0.0010932600416524558
-0.09400708785416653
0.2886282096356363
-0.0051302180999879005
-0.0009326004165245567
0.019906929747307647
0.15323845175329187
0.0004993884182119847
0.0011091540557930531
-0.0990692974730769
0.28761548246708
-0.004993884182119854
-0.0010915405579305303
0.020399426791234732
0.15435523026369272
0.0004855784343301541
0.0011242773608656047
-0.10399426791234774
0.2864476973630716
-0.004855784343301548
-0.0012427736086560455
0.02087803617171612
0.15548676075568554
0.00047161700580720673
0.0011386634396975041
-0.10878036171716163
0.2851323924431431
-0.0047161700580720745
-0.0013866343969750402
0.02134261771790432
0.15663232197079968
0.000457526235289173
0.0011523439446206945
-0.11342617717904366
0.2836767802920017
-0.004575262352891737
-0.0015234394462069433
0.021793052025074994
0.15779122343105703
0.0004433255311413654
0.0011653487467194106
-0.1179305202507504
0.28208776568942845
-0.004433255311413661
-0.0016534874671941039
0.022229237834689292
0.15896280363026785
0.00042903192057167446
0.0011777059933045471
-0.12229237834689338
0.2803719636973202
-0.004290319205716752
-0.0017770599330454709
0.022651089887681122
0.16014642841242302
0.000414660315269087
0.0011894421714368658
-0.12651089887681166
0.27853571587576836
-0.004146603152690877
-0.0018944217143686568
0.02305853683480847
0.16134148926645966
0.0004002237614827729
0.0012005821782481792
-0.13058536834808518
0.2765851073354022
-0.004002237614827736
-0.0020058217824817895
0.023451519570497053
0.16254740185203434
0.00038573364244524834
0.001211149387920909
-0.134515195704971
0.27452598147965546
-0.0038573364244524912
-0.002111493879209088
0.023829989585767545
0.16376360443416535
0.00037119987619078633
0.001221165725911271
-0.13829989585767596
0.2723639556583454
-0.003711998761907871
-0.0022116572591127084
0.02419390765545642
0.16498955654146302
0.00035663107193494503
0.0012306517342787538
-0.14193907655456467
0.2701044345853685
-0.0035663107193494585
-0.002306517342787538
0.024543242547289523
0.16622473755061723
0.00034203468540843185
0.0012396266440657382
-0.14543242547289575
0.2677526244938265
-0.003420346854084326
-0.002396266440657381
0.024877969983278226
0.16746864547027882
0.0003274171406407579
0.0012481084363076954
-0.1487796998327828
0.26531354529721046
-0.0032741714064075866
-0.0024810843630769536
0.025198071623027965
0.16872079566265696
0.00031278395213891265
0.0012561139095908435
-0.1519807162302802
0.2627920433734289
-0.0031278395213891344
-0.002561139095908433
0.02550353424761755
0.16998071975265955
0.00029813981974895123
0.001263658735209727
-0.15503534247617604
0.2601928024734029
-0.0029813981974895205
-0.00263658735209727
0.02579434894895475
0.17124796446334695
0.00028348872557515273
0.0012707575186521258
-0.15794348948954806
0.2575203553665289
-0.0028348872557515353
-0.0027075751865212583
0.026070510497302697
0.1725220906502278
0.00026883400760978717
0.0012774238482199216
-0.16070510497302756
0.2547790934977202
-0.0026883400760978797
-0.002774238482199215
0.02633201668574866
0.17380267222727552
0.0002541784373844519
0.0012836703499049535
-0.16332016685748715
0.2519732777272431
-0.0025417843738445266
-0.0028367034990495342
0.026578867846925237
0.17508929531959747
0.00023952427715289378
0.0012895087296897042
-0.16578867846925294
0.24910704680402365
-0.0023952427715289454
-0.002895087296897042
0.02681106631996791
0.17638155726713325
0.00022487334229207882
0.0012949498212230317
-0.1681106631996797
0.24618442732866566
-0.0022487334229207958
-0.002949498212230319
0.027028616081042393
0.1776790658734872
0.0002102270464977781
0.0013000036229433485
-0.17028616081042453
0.24320934126512617
-0.0021022704649777883
-0.003000036229433485
0.02723152231702892
0.17898143849340753
0.00019558645130128566
0.001304679337688168
-0.17231522317028986
0.24018561506592298
-0.0019558645130128647
-0.00304679337688168
0.027419791134443188
0.18028830133899018
0.00018095230323194748
0.0013089854060556211
-0.17419791134443252
0.23711698661009656
-0.0018095230323194828
-0.0030898540605562123
0.027593429232782293
0.18159928867024128
0.00016632507218429087
0.0013129295376602325
-0.17593429232782357
0.23400711329758533
-0.0016632507218429168
-0.0031292953766023264
0.027752443660928404
0.18291404210962436
0.00015170498362168254
0.0013165187413573557
-0.1775244366092847
0.23085957890375455
-0.0015170498362168333
-0.0031651874135735594
0.02789684158691405
0.18423220996497142
0.00013709204712803307
0.0013197593488629847
-0.1789684158691412
0.22767790035028387
-0.0013709204712803384
-0.0031975934886298474
0.02802663008204156
0.1855534465091171
0.00012248608577501555
0.0013226570413182575
-0.18026630082041634
0.2244655349088274
-0.0012248608577501636
-0.003226570413182577
0.028141815970153784
0.18687741143133038
0.00010788675702647462
0.0013252168673219867
-0.18141815970153857
0.22122588568669432
-0.0010788675702647543
-0.0032521686732198685
0.02824240564804494
0.18820376910896627
9.32935789002371e-05
0.001327443263879512
-0.1824240564804501
0.2179623089103354
-0.000932935789002379
-0.0032744326387951217
0.028328404976682712
0.18953218809759778
7.870594741889155e-05
0.001329340071615998
-0.18328404976682783
0.2146781190240207
-0.0007870594741889235
-0.0032934007161599826
0.02839981915829311
0.19086234048758938
6.412315756683546e-05
0.0013309105489165388
-0.18399819158293182
0.21137659512410445
-0.0006412315756683625
-0.003309105489165389
0.028456652643724958
0.1921939013193859
4.954442128266048e-05
0.0013321573848590687
-0.1845665264372503
0.20806098680613933
-0.0004954442128266127
-0.0033215738485906886
0.02849890906626081
0.19352654809187958
3.4968882159467485e-05
0.0013330827076076862
-0.18498909066260882
0.20473451908120244
-0.0003496888215946827
-0.0033308270760768637
0.028526591172668418
0.194859960097802
2.0395634712194312e-05
0.001333688093560663
-0.1852659117266849
0.2014003990219784
-0.00020395634712195099
-0.0033368809356066325
0.02853970078505621
0.19619381797571342
5.82373657180488e-06
0.0013339745721800795
-0.18539700785056284
0.19806182024286417
-5.823736571805668e-05
-0.003339745721800796
0.02853823877409817
0.19752780311507762
-8.747774759222183e-06
0.0013339426303419202
-0.1853823877409825
0.19472196884922202
8.747774759221393e-05
-0.003339426303419205
0.028522205042601986
0.1988615970840659
-2.3319866690215474e-05
0.0013335922137426989
-0.18522205042602063
0.19138402915933944
0.00023319866690214687
-0.003335922137426992
0.028491598525814187
0.20019488118727152
-3.789349961463983e-05
0.001332922726820064
-0.18491598525814265
0.18805118812728305
0.0003789349961463905
-0.0033292272682006437
0.02844641721686623
0.20152733581327445
-5.246960884770317e-05
0.0013319330308903426
-0.1844641721686631
0.18472664186725363
0.0005246960884770238
-0.0033193303089034273
0.028386658184073075
0.2028586399500232
-6.704909173139254e-05
0.0013306214390412855
-0.18386658184073157
0.18141360049976613
0.0006704909173139177
-0.0033062143904128575
0.02831231762446304
0.20418847065561202
-8.1632792465723e-05
0.0013289857115884893
-0.18312317624463123
0.17811529344387805
0.0008163279246572223
-0.0032898571158848956
0.028223390935384153
0.20551650240327027
-9.622148311884968e-05
0.0013270230459609923
-0.18223390935384237
0.1748349759672955
0.000962214831188489
-0.0032702304596099263
0.02811987276584138
0.20684240664040265
-0.00011081585061353176
0.001324730067598658
-0.1811987276584147
0.17157593359597192
0.0011081585061353096
-0.003247300675986584
0.02800175714338418
0.20816585113001537
-0.00012541647594336194
0.001322102818285978
-0.1800175714338427
0.16834148869984475
0.0012541647594336118
-0.0032210281828597832
0.0278690375766782
0.20948649933978733
-0.00014002381415253177
0.0013191367386901928
-0.17869037576678287
0.16513500660212507
0.00140023814152531
-0.00319136738690193
0.027721707170962315
0.2108040099411817
-0.0001546381771378605
0.0013158266552352397
-0.17721707170962403
0.16195990058818133
0.0015463817713785972
-0.0031582665523523993
0.027559758829551403
0.21211803605930488
-0.00016925970629460302
0.0013121667585964491
-0.1755975882955149
0.1588196394069495
0.0016925970629460224
-0.0031216675859644947
0.027383185387937173
0.2134282246980299
-0.0001838883502254939
0.0013081505817074358
-0.17383185387937264
0.15571775301969945
0.0018388835022549314
-0.0030815058170743587
0.02719197984044055
0.21473421609267845
-0.00019852383852450388
0.0013037709792116075
-0.17191979840440638
0.1526578390732138
0.001985238385245031
-0.0030377097921160763
0.026986135601772876
0.2160356429084288
-0.0002131656466071293
0.0012990200955088549
-0.16986135601772967
0.14964357091571043
0.002131656466071285
-0.00299020095508855
0.0267656467083376
0.21733212965896956
-0.00022781296874257583
0.0012938893401380088
-0.16765646708337695
0.14667870341030295
0.0022781296874257503
-0.0029388934013800895
0.026530508193473416
0.21862329186093626
-0.0002424646768296615
0.0012883693544957257
-0.16530508193473506
0.14376708139063582
0.0024246467682966072
-0.002883693544957259
0.026280716389960226
0.21990873524182838
-0.00025711927805294464
0.0012824499735620044
-0.1628071638996032
0.1409126475817146
0.0025711927805294383
-0.0028244997356200465
0.02601626929705732
0.221188055018136
-0.0002717748748803366
0.001276120194435821
-0.16016269297057414
0.1381194498186384
0.002717748748803358
-0.0027612019443582114
0.02573716708983788
0.22246083488335727
-0.0002864291042891384
0.001269368128022963
-0.15737167089837975
0.13539165116642554
0.002864291042891376
-0.002693681280229632
0.02544341250127794
0.22372664624253386
-0.00030107908855075033
0.0012621809601264793
-0.1544341250127804
0.13273353757465994
0.003010790885507495
-0.0026218096012647946
0.025135011468981363
0.2249850471905092
-0.0003157213661165829
0.0012545449027031197
-0.15135011468981463
0.13014952809490604
0.0031572136611658207
-0.0025454490270311997
0.024811973708204146
0.22623558148780054
-0.00033035181618769213
0.0012464451396411319
-0.14811973708204243
0.12764418512199324
0.003303518161876913
-0.0024644513964113216
0.02447431338284239
0.22747777761798962
-0.000344965585641718
0.001237865779650891
-0.14474313382842488
0.12522222382010229
0.003449655856417172
-0.0023786577965089137
0.024122049984210497
0.22871114752095867
-0.000359556983067806
0.0012287897903191045
-0.14122049984210597
0.12288852479041208
0.003595569830678052
-0.0022878979031910472
0.023755209070542578
0.22993518558902087
-0.0003741193891294293
0.0012191989456520973
-0.13755209070542676
0.12064814410979013
0.003741193891294285
-0.002191989456520976
0.02337382341429598
0.2311493673147354
-0.00038864512692073457
0.0012090737569787474
-0.13373823414296085
0.11850632685264464
0.003886451269207338
-0.002090737569787477
0.022977933982767654
0.23235314806031218
-0.000403125335990911
0.0011983934093679626
-0.1297793398276776
0.11646851939687702
0.004031253359909102
-0.0019839340936796293
0.022567591295718895
0.23354596169644576
-0.000417549821055613
0.0011871356936758763
-0.12567591295719
0.11454038303554102
0.004175498210556122
-0.0018713569367587641
0.022142856802501193
0.2347272191143362
-0.00043190687639546496
0.0011752769339402572
-0.12142856802501298
0.11272780885663697
0.004319068763954641
-0.0017527693394025737
0.021703804459145968
0.23589630683261878
-0.00044618310541727767
0.0011627919215608394
-0.11703804459146074
0.11103693167381089
0.004461831054172769
-0.001627919215608395
0.02125052262005055
0.23705258528600703
-0.00046036318498625546
0.0011496538397818318
-0.11250522620050657
0.10947414713992855
0.004603631849862546
-0.001496538397818319
0.020783115933820984
0.23819538734582202
-0.00047442964078069457
0.0011358342019896293
-0.10783115933821093
0.10804612654177856
0.004744296407806938
-0.001358342019896294
0.020301707827624332
0.23932401644983656
-0.0004883625419812298
0.0011213027828848206
-0.1030170782762444
0.10675983550163327
0.00488362541981229
-0.0012130278288482058
0.01980644289076943
0.24043774499885204
-0.0005021392121136416
0.001106027566950516
-0.0980644289076954
0.10562255001147845
0.005021392121136408
-0.0010602756695051597
0.019297490046055996
0.24153581238746394
-0.0005157338405537818
0.0010899746995372806
-0.09297490046056103
0.10464187612535951
0.00515733840553781
-0.0008997469953728049
0.01877504561915892
0.24261742329334585
-0.0005291171066377109
0.0010731084586267673
-0.08775045619159028
0.10382576706654043
0.005291171066377101
-0.0007310845862676734
0.01823933734491079
0.24368174566782708
-0.0005422556878691841
0.00105539124546237
-0.08239337344910898
0.10318254332172802
0.005422556878691832
-0.0005539124546236989
0.017690628354384334
0.24472790899328026
-0.000555111772263993
0.0010367836024135666
-0.07690628354384445
0.10272091006719615
0.005551117722639922
-0.0003678360241356657
0.017129222206534088
0.24575500232979314
-0.0005676424396422965
0.0010172442739587902
-0.071292222065342
0.1024499767020674
0.005676424396422956
-0.00017244273958790028
0.016555468100827343
0.24676207267813172
-0.0005797990300974954
0.0009967303083803793
-0.06555468100827458
0.10237927321868161
0.005797990300974946
3.26969161962084e-05
0.015969767138299874
0.24774812325880943
-0.0005915263776131107
0.0009751972356505061
-0.05969767138299988
0.10251876741190435
0.005915263776131099
0.0002480276434949419
0.01537257916854218
0.24871211220999792
-0.000602761994243015
0.0009525993159971751
-0.05372579168542294
0.10287887790001936
0.006027619942430141
0.0004740068400282506
0.01476443052886077
0.2496529513983441
-0.000613435140205704
0.0009288899026646771
-0.047644305288608864
0.10347048601655769
0.0061343514020570315
0.0007111009733532313
0.014145922944664496
0.2505695058269761
-0.0006234657898580505
0.0009040219382234024
-0.04145922944664612
0.10430494173023745
0.006234657898580497
0.0009597806177659777
0.01351774313130637
0.2514605934748144
-0.0006327635247586134
0.0008779486037676531
-0.03517743131306489
0.10539406525185435
0.006327635247586125
0.0012205139623234702
0.01288067406633395
0.2523249859852505
-0.0006412262793833776
0.0008506242088274388
-0.028806740663340675
0.1067501401474932
0.006412262793833767
0.0014937579117256141
0.012235607088046139
0.25316141035002593
-0.0006487390440662397
0.0008220053013803282
-0.02235607088046259
0.10838589649973893
0.006487390440662388
0.0017799469861967193
0.011583555575688511
0.2539685517694345
-0.0006551724645706601
0.0007920521241648338
-0.01583555575688632
0.11031448230565286
0.0065517246457065925
0.002079478758351664
0.010925670126972039
0.25474505834329514
-0.0006603813992938456
0.0007607304585516274
-0.009256701269721607
0.11254941656704621
0.006603813992938447
0.002392695414483729
0.010263254863047506
0.2554895476135147
-0.000664203504244128
0.0007280139000765368
-0.0026325486304762877
0.11510452386485022
0.006642035042441271
0.0027198609992346344
0.009597785465003925
0.25620061577779263
-0.0006664578721576955
0.000693886734894074
0.004022145349959505
0.11799384222207127
0.006664578721576946
0.003061132651059262
0.008930928343208034
0.2568768501587222
-0.0006669438697214118
0.0006583474361917614
0.010690716567918411
0.12123149841277617
0.006669438697214109
0.003416525638082387
0.00826456069610227
0.2575168453213654
-0.000665440310146171
0.0006214128782370738
0.017354393038976044
0.12483154678634373
0.006654403101461701
0.0037858712176292637
0.007600791358508046
0.2581192239532505
-0.0006617051524122791
0.0005831234085747095
0.023992086414918262
0.1288077604674929
0.006617051524122783
0.004168765914252906
0.00694198150121954
0.25868266332326356
-0.0006554760016748132
0.0005435487814778883
0.030580184987803325
0.13317336676736227
0.006554760016748123
0.0045645121852211186
0.006290764227498077
0.2592059279709155
-0.0006464717290268738
0.00050279495045701
0.03709235772501794
0.13794072029084287
0.006464717290268728
0.0049720504954299015
0.005650061877769186
0.259687909524484
-0.0006343956190288944
0.00046101167044299766
0.043499381222306836
0.14312090475515798
0.006343956190288934
0.005389883295570024
0.005023099273949927
0.2601276747470575
-0.0006189405448906685
0.0004184007376842891
0.04976900726049943
0.148723252529423
0.006189405448906676
0.005815992623157109
0.004413410488488715
0.260524521742675
-0.0005997966307695136
0.00037522441413467426
0.05586589511511152
0.15475478257324793
0.005997966307695127
0.006247755858653258
0.0038248365127969497
0.2608780445272172
-0.0005766619468203649
0.0003318134955060417
0.06175163487202917
0.16121955472782568
0.005766619468203638
0.006681865044939584
0.00326151057212346
0.2611882050425825
-0.0005492566293275561
0.0002885741128086608
0.06738489427876407
0.16811794957417264
0.005492566293275551
0.007114258871913393
0.002727827477798945
0.26145541099531194
-0.0005173406422719784
0.0002459920925456361
0.0727217252220092
0.17544589004687777
0.005173406422719773
0.007540079074543639
0.0022283934557542446
0.2616805961639789
-0.0004807349691537275
0.00020463338369835167
0.0777160654424562
0.18319403836020848
0.004807349691537266
0.007953666163016484
0.0017679533721203908
0.26186529846982187
-0.00043934547319742217
0.00016513890992770792
0.08232046627879472
0.19134701530177803
0.004393454731974212
0.008348610900722921
0.0013512933582755541
0.26201172943967
-0.00039318791922721667
0.00012821223202887647
0.08648706641724307
0.19988270560329732
0.003931879192272157
0.008717877679711236
0.0009831187766097373
0.2621228271965167
-0.00034241179842813083
9.459877825212306e-05
0.09016881223390123
0.20877172803482988
0.0034241179842812984
0.00905401221747877
0.0006679102381174351
0.26220228423884184
-0.0002873198178491163
6.505621577262661e-05
0.09332089761882424
0.21797715761157802
0.002873198178491153
0.009349437842273734
0.0004097637948444905
0.2622545414461062
-0.00022837944836130356
4.031680735565859e-05
0.09590236205155368
0.22745458553893402
0.0022837944836130255
0.009596831926443415
0.0002122250446489309
0.26228474138503743
-0.00016622304505293137
2.1044198870782327e-05
0.09787774955350927
0.23715258614962245
0.0016622304505293029
0.009789558011292178
7.812996210771869e-05
0.2622986372682008
-0.00010163397794232759
7.788703148524243e-06
0.09921870037892139
0.2470136273179886
0.001016339779423265
0.00992211296851476
9.466980785795846e-06
0.26230245858670304
-3.551795527681867e-05
9.463421651494286e-07
0.0999053301921406
0.25697541413296654
0.0003551795527681755
0.009990536578348507
7.274667113067177e-06
0.262302740001229
3.113892720091752e-05
7.272571372828012e-07
0.09992725332886788
0.26697259998770684
-0.00031138927200918636
0.009992727428627174
7.158641969796654e-05
0.26230612541203296
9.732143076257521e-05
7.138241683750957e-06
0.09928413580301888
0.2769387458796678
-0.000973214307625764
0.009928617583162491
0.0002014286448068802
0.26231916289684415
0.00016203989176887066
1.998216750601716e-05
0.09798571355192973
0.28680837103155543
-0.0016203989176887179
0.00980017832493983
0.0003948726986568663
0.2623481076077654
0.0002243819003422558
3.8874402556343126e-05
0.09605127301342985
0.29651892392234347
-0.0022438190034225697
0.009611255974436569
0.0006491344616098673
0.2623987486536166
0.00028355500176242756
6.327360192674826e-05
0.09350865538389984
0.3060125134638315
-0.002835550017624287
0.009367263980732518
0.0009607102633521791
0.26247627207110824
0.0003389163163916806
9.252220724762547e-05
0.09039289736647671
0.31523727928891476
-0.0033891631639168178
0.009074777927523748
0.001325535158452736
0.26258516680255406
0.00038998738921077933
0.00012589110008809706
0.08674464841547112
0.32414833197445647
-0.0038998738921078055
0.008741088999119032
0.0017391488035671122
0.2627291751703923
0.00043645492249119576
0.00016262305248557568
0.08260851196432736
0.3327082482960746
-0.00436454922491197
0.008373769475144247
0.002196855975301071
0.26291128438951866
0.0004781598791329384
0.00020197082404296095
0.07803144024698776
0.3408871561048105
-0.004781598791329396
0.007980291759570393
0.002693871841286116
0.26313375237696063
0.0005150784017667064
0.00024322736493232006
0.0730612815871373
0.34866247623039076
-0.005150784017667076
0.007567726350676803
0.0032254455619876985
0.2633981593667348
0.0005472981669836159
0.00028574716655688454
0.06774554438012147
0.35601840633264914
-0.005472981669836172
0.0071425283344311585
0.0037869592952057335
0.2637054765332392
0.0005749933646493879
0.00032895911984850827
0.0621304070479411
0.3629452346676048
-0.005749933646493892
0.006710408801514921
0.004374002554115898
0.2640561437227672
0.0005984007020134419
0.00037237208930557714
0.05625997445883944
0.3694385627723249
-0.005984007020134431
0.006276279106944232
0.004982423769933361
0.2644501497833212
0.0006177980040948146
0.0004155747985069028
0.05017576230066482
0.3754985021667847
-0.006177980040948158
0.005844252014930975
0.005608362110120863
0.2648871106133609
0.000633486224903072
0.00045823168648515173
0.04391637889878979
0.38112889386638765
-0.006334862249030732
0.005417683135148486
0.006248263127403607
0.2653663416961411
0.0006457750838996219
0.0005000762239941335
0.03751736872596234
0.3863365830385852
-0.006457750838996231
0.004999237760058668
0.006898881797334042
0.2658869231916114
0.0006549721579206859
0.0005409029007481751
0.031011182026657983
0.3911307680838825
-0.006549721579206871
0.004590970992518252
0.007557276213592073
0.26644775674160753
0.0006613750243716621
0.0005805587870742307
0.02442723786407766
0.39552243258392167
-0.006613750243716633
0.0041944121292576955
0.008220794743361263
0.26704761389613085
0.000665265954245954
0.0006189352913087458
0.017792052566385743
0.39952386103868853
-0.006652659542459552
0.0038106470869125443
0.008887058939572156
0.26768517655765467
0.0006669086411582504
0.0006559605035205977
0.011129410604276796
0.4031482344234508
-0.006669086411582516
0.0034403949647940258
0.009553943986320985
0.2683590701715644
0.000666546490022331
0.0006915923302454732
0.004460560136788498
0.40640929828435307
-0.006665464900223322
0.0030840766975452714
0.01021955805306349
0.2690678904659373
0.0006644020580904088
0.0007258125105042349
-0.002195580530636546
0.4093210953406241
-0.0066440205809041
0.002741874894957654
0.010882221539332155
0.269810224646897
0.0006606773078882042
0.0007586215085714794
-0.008822215393323207
0.41189775353102687
-0.006606773078882054
0.0024137849142852087
0.011540446826641662
0.27058466793441277
0.0006555544109126585
0.000790034221388635
-0.015404468266418284
0.4141533206558694
-0.0065555441091265975
0.0020996577861136538
0.012192919027405002
0.27138983616364615
0.0006491968960926775
0.0008200764356770369
-0.021929190274051696
0.41610163836353586
-0.006491968960926786
0.001799235643229634
0.012838477996278096
0.2722243751733837
0.0006417509898863781
0.0008487819372386306
-0.02838477996278266
0.4177562482661602
-0.006417509898863793
0.0015121806276136968
0.013476101808273558
0.27308696758075685
0.0006333470396046894
0.0008761901819766183
-0.03476101808273729
0.41913032419242885
-0.006333470396046905
0.0012380981802338198
0.014104891520478422
0.27397633750897893
0.0006241009587699371
0.0009023444228892065
-0.04104891520478593
0.42023662491020797
-0.006241009587699383
0.0009765557711079379
0.014724057438506993
0.274891253607008
0.00061411561908388
0.0009272902444544721
-0.04724057438507166
0.42108746392991775
-0.006141156190838813
0.0007270975554552824
0.015332906827655396
0.2758305307797935
0.0006034821695461613
0.00095107441832136
-0.05332906827655569
0.4216946922020621
-0.006034821695461626
0.0004892558167864029
0.015930832743355734
0.2767930309214411
0.0005922812807348475
0.0009737440102955502
-0.05930832743355907
0.42206969078558687
-0.005922812807348489
0.00026255989704450063
0.016517304108873327
0.2777776628457112
0.0005805842740695695
0.0009953457095646335
-0.06517304108873503
0.4222233715428856
-0.005805842740695708
4.654290435366636e-05
0.01709185699082857
0.2787833816602807
0.0005684541479137615
0.001015925328562616
-0.07091856990828746
0.42216618339719036
-0.0056845414791376276
-0.00015925328562615642
0.017654086652434942
0.27980918768284097
0.000555946522497432
0.0010355274305060456
-0.07654086652435121
0.42190812317158805
-0.005559465224974333
-0.00035527430506045307
0.01820364062123489
0.2808541250519132
0.0005431104676737689
0.0010541950711882241
-0.08203640621235068
0.4214587494808661
-0.0054311046767377014
-0.000541950711882237
0.018740212589708958
0.2819172801494568
0.0005299892509574253
0.0010719696234306217
-0.08740212589709137
0.42082719850543027
-0.005299892509574265
-0.0007196962343062131
0.01926353683564354
0.28299777981635027
0.0005166210121730826
0.0010888906642211361
-0.09263536835643724
0.4200222018364954
-0.005166210121730839
-0.0008889066422113576
0.019773383508717306
0.28409478956689876
0.000503039341949415
0.0011049959158468544
-0.0977338350871749
0.4190521043310101
-0.005030393419494163
-0.0010499591584685422
0.020269554278872
0.28520751169023095
0.0004892738184302077
0.0011203212242105705
-0.10269554278872187
0.4179248830976884
-0.00489273818430209
-0.0012032122421057046
0.020751878568577006
0.28633518337912656
0.0004753504629511206
0.0011349005651885415
-0.10751878568577193
0.41664816620873263
-0.004753504629511219
-0.001349005651885414
0.021220210252065944
0.2874770748984159
0.00046129215226101887
0.0011487660750579493
-0.11220210252066133
0.41522925101583963
-0.004612921522610201
-0.0014876607505794912
0.021674424614009785
0.2886324877176225
0.00044711898334318746
0.0011619480942546363
-0.11674424614009975
0.4136751228237733
-0.004471189833431887
-0.001619480942546361
0.02211441583237481
0.28980075280857787
0.00043284858614847524
0.001174475222714243
-0.12114415832375
0.41199247191421967
-0.004328485861484765
-0.0017447522271424284
0.022540094550686708
0.2909812288588872
0.00041849641535319896
0.0011863743843595965
-0.12540094550686903
0.4101877114111259
-0.004184964153532002
-0.0018637438435959632
0.022951385928191806
0.29217330070881
0.0004040759883138864
0.0011976708917938467
-0.12951385928192002
0.4082669929118985
-0.004040759883138876
-0.0019767089179384663
0.02334822772991402
0.2933763776995414
0.00038959911579412165
0.0012083885196243279
-0.13348227729914217
0.40623622300458484
-0.0038959911579412292
-0.002083885196243277
0.023730568787587218
0.29458989223729865
0.0003750760858369255
0.0012185495708500194
-0.13730568787587413
0.40410107762701214
-0.003750760858369268
-0.002185495708500193
0.02409836751148119
0.2958132982994791
0.0003605158442276503
0.0012281749510487244
-0.14098367511481386
0.40186701700520694
-0.003605158442276516
-0.0022817495104872428
0.024451590665678275
0.2970460701202108
0.00034592613810990885
0.001237284232425128
-0.14451590665678474
0.39953929879789046
-0.0034592613810991014
-0.002372842324251279
0.024790212206565423
0.29828770084796835
0.000331313656960318
0.0012458957244487292
-0.1479021220656562
0.397122991520315
-0.0033131365696031922
-0.0024589572444872914
0.025114212311848357
0.2995377013542795
0.00031668414494473267
0.0012540265331273607
-0.1511421231184856
0.3946229864572037
-0.0031668414494473397
-0.0025402653312736065
0.025423576464159315
0.3007955990207188
0.0003020425118713905
0.0012616926261298622
-0.15423576464159516
0.39204400979281107
-0.003020425118713918
-0.0026169262612986237
0.02571829469048993
0.30206093667437844
0.0002873929206829386
0.001268908885841203
-0.1571829469049013
0.3893906332562142
-0.002873929206829399
-0.002689088858412031
0.02599836082725622
0.30333327147701816
0.00027273887588424276
0.001275689168298865
-0.15998360827256425
0.386667285229817
-0.002727388758842441
-0.00275689168298865
0.026263771935074034
0.30461217398864565
0.00025808329121990094
0.0012820463494633266
-0.16263771935074237
0.3838782601135421
-0.0025808329121990224
-0.002820463494633266
0.026514527699635772
0.30589722713461187
0.0002434285610156774
0.0012879923776712397
-0.16514527699635978
0.38102772865388007
-0.002434285610156787
-0.002879923776712396
0.026750629988819816
0.30718802538981643
0.00022877661252279397
0.0012935383135283072
-0.16750629988820023
0.3781197461018345
-0.0022877661252279527
-0.002935383135283071
0.02697208236229732
0.30848417381329546
0.0002141289636014144
0.001298694375267568
-0.16972082362297528
0.3751582618670441
-0.0021412896360141574
-0.0029869437526756815
0.02717888973526414
0.30978528732678223
0.00019948676410258906
0.0013034699736597217
-0.1717888973526435
0.3721471267321764
-0.001994867641025904
-0.0030346997365972165
0.027371057986407498
0.31109098982878497
0.0001848508417172569
0.001307873749289559
-0.1737105798640771
0.3690901017121492
-0.0018485084171725823
-0.0030787374928955896
0.027548593692420836
0.3124009135233594
0.00017022173627290562
0.0013119136039985587
-0.17548593692421047
0.36599086476640463
-0.0017022173627290694
-0.003119136039985588
0.027711503830626323
0.31371469813806
0.00015559973516893688
0.0013155967298885682
-0.17711503830626535
0.36285301861939867
-0.0015559973516893822
-0.003155967298885683
0.027859795553805834
0.31503199024832945
0.00014098490358634933
0.0013189296378096885
-0.1785979555380605
0.3596800975167049
-0.0014098490358635065
-0.0031892963780968857
0.027993475986364376
0.31635244263493156
0.00012637711050736877
0.001321918178894982
-0.1799347598636459
0.3564755736506833
-0.0012637711050737012
-0.0032191817889498215
0.028112552023106984
0.3176757135633287
0.00011177605673702982
0.0013245675693223011
-0.181125520231072
0.35324286436671215
-0.0011177605673703115
-0.003245675693223013
0.028217030197212025
0.319001466260281
9.71812940718738e-05
0.0013268824068615524
-0.18217030197212242
0.34998533739718907
-0.0009718129407187513
-0.0032688240686155256
0.028306916519132544
0.3203293682014074
8.259224992556547e-05
0.0013288666895853352
-0.18306916519132763
0.34670631798592483
-0.0008259224992556679
-0.0032886668958533524
0.028382216376473392
0.3216590905930781
6.800824433350401e-05
0.0013305238301192204
-0.18382216376473612
0.34340909406921766
-0.0006800824433350532
-0.0033052383011922073
0.028442934432197302
0.3229903077725766
5.342850890055844e-05
0.0013318566675991582
-0.18442934432197525
0.340096922274233
-0.0005342850890055974
-0.003318566675991585
0.028489074539148108
0.32432269659280316
3.885220519107978e-05
0.0013328674793555782
-0.18489074539148329
0.3367730340719673
-0.00038852205191081086
-0.0033286747935557842
0.028520639687341472
0.32565593596571374
2.4278437922961634e-05
0.0013335579877946182
-0.18520639687341692
0.33344064034286114
-0.00024278437922962948
-0.003335579877946183
0.028537631949779166
0.32698970620351775
9.706273843453288e-06
0.0013339293678337495
-0.1853763194977939
0.3301029379648212
-9.70627384345461e-05
-0.003339293678337496
0.028540052450087994
0.32832368853535515
-4.865245394959524e-06
0.001333982250562398
-0.18540052450088218
0.32676311464644753
4.865245394958202e-05
-0.00333982250562398
0.02852790134965094
0.3296575645788423
-1.943708852317168e-05
0.0013337167258851168
-0.18527901349651169
0.3234243542115758
0.00019437088523170367
-0.003337167258851168
0.028501177844729098
0.3309910157094932
-3.401021766402234e-05
0.0013331323426378826
-0.18501177844729325
0.3200898429050667
0.00034010217664021
-0.003331323426378828
0.028459880170288356
0.33232372264373805
-4.858557732079003e-05
0.0013322281068107184
-0.1845988017028859
0.3167627735626181
0.0004858557732078869
-0.0033222810681071873
0.02840400564098905
0.3336553648074971
-6.31640766229226e-05
0.0013310024788215173
-0.18404005640989282
0.31344635192502807
0.0006316407662292126
-0.003310024788215176
0.02833355068502803
0.3349856197782794
-7.774657405080182e-05
0.001329453366136306
-0.18333550685028266
0.3101438022172042
0.0007774657405080048
-0.0032945336613630625
0.028248510893413566
0.3363141628287327
-9.233386430653941e-05
0.0013275781174942435
-0.18248510893413802
0.3068583717126713
0.0009233386430653807
-0.003275781174942438
0.028148881119349108
0.33764066624131156
-0.0001069266577385452
0.0013253735123356372
-0.18148881119349347
0.303593337586883
0.0010692665773854384
-0.0032537351233563757
0.028034655541227575
0.3389647987994555
-0.00012152556484666811
0.0013228357479551018
-0.18034655541227815
0.3003520120054431
0.0012152556484666675
-0.003228357479551022
0.027905827782902466
0.34028622522809215
-0.0001361310781118309
0.0013199604283499798
-0.17905827782902706
0.29713774771907686
0.0013613107811182954
-0.003199604283499803
0.02776239106476958
0.3416046054792667
-0.00015074354757207877
0.00131674254441187
-0.1776239106476982
0.29395394520733137
0.001507435475720774
-0.0031674254441187042
0.027604338306233343
0.3429195942458822
-0.00016536316344150363
0.0013131764578201016
-0.17604338306233588
0.2908040575411763
0.0016536316344150223
-0.0031317645782010205
0.02743166234706659
0.3442308402475912
-0.00017998992918519548
0.0013092558808321417
-0.17431662347066834
0.2876915975240861
0.0017998992918519408
-0.0030925588083214215
0.027244356134850604
0.3455379855309657
-0.00019462363296039766
0.0013049738488515904
-0.1724435613485085
0.28462014469034125
0.0019462363296039633
-0.0030497384885159085
0.027042412915876862
0.346840664907783
-0.00020926382375777012
0.001300322699913269
-0.1704241291587711
0.2815933509221683
0.002092638237577688
-0.0030032269991326953
0.026825826561614086
0.34813850510921956
-0.00022390977305332334
0.001295294042546378
-0.16825826561614335
0.2786149489078028
0.00223909773053322
-0.0029529404254637842
0.02659459179769891
0.34943112410696775
-0.0002385604414206911
0.0012898787242045053
-0.1659459179769916
0.27568875893032124
0.0023856044142068975
-0.0028987872420450575
0.026348704558648055
0.350718130369304
-0.0002532144406386515
0.0012840668012662705
-0.16348704558648305
0.27281869630695854
0.0025321444063865018
-0.0028406680126627096
0.026088162398184195
0.3519991219291123
-0.0002678699818350202
0.001277847495102907
-0.16088162398184447
0.2700087807088753
0.0026786998183501885
-0.0027784749510290736
0.025812964821760376
0.3532736856844229
-0.00028252483428742233
0.001271209158366151
-0.1581296482176063
0.26726314315576905
0.00282524834287421
-0.002712091583661515
0.025523113860538068
0.3545413963972017
-0.0002971762630620533
0.0012641392284787382
-0.15523113860538323
0.2645860360279813
0.0029717626306205195
-0.0026413922847873857
0.02521861453579017
0.35580181577386166
-0.00031182096662292936
0.0012566241794020833
-0.15218614535790423
0.261981842261382
0.00311820966622928
-0.0025662417940208377
0.024899475466193106
0.35705449155315505
-0.0003264550120329392
0.0012486494773933559
-0.14899475466193363
0.25945508446844806
0.003264550120329379
-0.002486494773933563
0.02456570960822715
0.35829895632586206
-0.0003410737441054885
0.0012401995196480208
-0.1456570960822741
0.2570104367413779
0.0034107374410548715
-0.0024019951964802115
0.024217334891464597
0.3595347266082242
-0.0003556717095507172
0.0012312575861632101
-0.14217334891464858
0.2546527339177564
0.0035567170955071586
-0.002312575861632106
0.02385437521993791
0.36076130155538594
-0.0003702425441374723
0.001221805773916102
-0.1385437521993817
0.2523869844461391
0.003702425441374709
-0.002218057739161025
0.02347686130000809
0.3619781618228663
-0.00038477886578011064
0.0012118249369011975
-0.1347686130000835
0.2502183817713357
0.003847788657801093
-0.0021182493690119794
0.02308483181559574
0.36318476828870194
-0.00039927214527475603
0.0012012946213912873
-0.13084831815596001
0.24815231711297941
0.003992721452747547
-0.0020129462139128786
0.02267833462137924
0.3643805606422124
-0.0004137125540489294
0.001190192994354909
-0.12678334621379503
0.2461943935778748
0.004137125540489281
-0.0019019299435490955
0.022257428067212943
0.36556495609974377
-0.0004280888135901294
0.0011784967801572372
-0.12257428067213207
0.24435043900256168
0.004280888135901281
-0.0017849678015723776
0.021822182670259732
0.3667373477599125
-0.00044238798950801457
0.0011661811827215266
-0.11822182670259994
0.24262652240087404
0.004423879895080134
-0.001661811827215271
0.021372682683134397
0.36789710322818525
-0.00045659530422030017
0.0011532198230187459
-0.11372682683134662
0.24102896771814633
0.0045659530422029896
-0.0015321982301874633
0.020909028284821773
0.36904356282679485
-0.00047069387288804516
0.0011395846636837812
-0.1090902828482204
0.2395643717320509
0.0047069387288804386
-0.0013958466368378165
0.020431337568278432
0.37017603805539023
-0.0004846644580979628
0.0011252459501343685
-0.104313375682787
0.238239619446097
0.004846644580979616
-0.0012524595013436906
0.01993974930378512
0.3712938097186584
-0.0004984851388481547
0.0011101721476815356
-0.09939749303785392
0.2370619028134149
0.004984851388481534
-0.0011017214768153615
0.019434425529841638
0.37239612622040197
-0.0005121309865989484
0.0010943298960456051
-0.09434425529841906
0.23603873779597928
0.005121309865989471
-0.0009432989604560572
0.018915555017620888
0.37348220164090845
-0.000525573649029891
0.0010776839724571691
-0.08915555017621157
0.23517798359091405
0.005255736490298898
-0.0007768397245716961
0.018383356643240117
0.37455121392820934
-0.0005387809281468063
0.0010601972772657944
-0.08383356643240389
0.2344878607179055
0.00538780928146805
-0.0006019727726579507
0.017838083756477725
0.3756023029723132
-0.0005517162526891677
0.001041830845132901
-0.07838083756477997
0.23397697027686767
0.005517162526891663
-0.000418308451329016
0.017280028571392287
0.3766345687971165
-0.0005643381327655635
0.0010225438903353806
-0.0728002857139256
0.23365431202883427
0.005643381327655621
-0.000225438903353811
