0.1569356471300125
0.07876598089933395
0.03056156635284424
0.01726728305220604
0.0348937027156353
0.04965944588184357
0.04669179767370224
0.03499063849449158
0.023619910702109337
0.01645110920071602
0.013826647773385048
0.014511821791529655
0.016781775280833244
0.01902284286916256
0.02011720836162567
0.019619081169366837
0.017700938507914543
0.014936300925910473
0.012030775658786297
0.009593029506504536
0.007989821024239063
0.007292910013347864
0.007305508013814688
0.007654254324734211
0.007927920669317245
0.007824842818081379
0.007249836344271898
0.00631574634462595
0.005257901735603809
0.004318105988204479
0.003656132146716118
0.0033150664530694485
0.003234387142583728
0.0032905933912843466
0.0033460040576756
0.003292432753369212
0.003081129165366292
0.0027327104471623898
0.002323708962649107
0.0019531897269189358
0.001701800967566669
0.0016001356998458505
0.001619695103727281
0.0016895055305212736
0.0017299138708040118
0.0016874077264219522
0.0015545770293101668
0.0013674552319571376
0.0011837257770821452
0.00105387344956398
0.0009990660473704338
0.0010050906566902995
0.001033698907122016
0.001044242992065847
0.0010137566132470965
0.0009453108068555593
0.0008619468426331878
0.0007914513698779047
0.0007512317388318479
0.0007409239187836647
0.0007453639409504831
0.0007450499106198549
0.0007276172400452197
0.0006938499864190817
0.0006553279235959053
0.0006258439971134067
0.0006123167695477605
0.0006110293325036764
0.0006113112904131413
0.0006035820115357637
0.0005857141804881394
0.0005634166300296783
0.0005451840115711093
0.0005361344665288925
0.000535065308213234
0.0005361128714866936
0.000533198588527739
0.0005239919410087168
0.0005109100020490587
0.0004988786531612277
0.0004916891339235008
0.0004895513993687928
0.0004894146113656461
0.0004875456797890365
0.00048225809587165713
0.0004747477942146361
0.00046768359607085586
0.0004629655450116843
0.0004604817950166762
0.0004586017457768321
0.00045569706708192825
0.00045135311665944755
0.0004464217636268586
0.0004420981858856976
0.00043890398228541017
0.00043638175702653825
0.00043362562428228557
0.0004300935543142259
0.00042600304004736245
0.0004220380214974284
0.000418712297687307
0.00041596032679080963
0.0004132656322326511
0.00041014558519236743
0.00040653999894857407
0.0004027981194667518
0.00039933683001436293
0.0003962937626056373
0.0003934630658477545
0.00039051807834766805
0.000387292675441131
0.0003838849952444434
0.00038052897434681654
0.00037737947423011065
0.00037440372398123145
0.0003714490740094334
0.0003683946852106601
0.0003652463492471725
0.000362104969099164
0.0003590594860725105
0.00035611368366517127
0.0003532017581164837
0.0003502616018522531
0.000347292167134583
0.00034434403642080724
0.00034146354300901294
0.00033865132718347013
0.00033586975769139826
0.0003330832696519792
0.00033029267797246575
0.00032753037521615624
0.00032482677488587797
0.0003221841179765761
0.0003195788012817502
0.00031698698876425624
0.0003144065267406404
0.00031185653642751276
0.00030935759423300624
0.00030691345455124974
0.00030451134080067277
0.0003021366719622165
0.00029978653765283525
0.0002974707749672234
0.00029520117095671594
0.00029298095614649355
0.000290804251562804
0.0002886634902097285
0.0002865572168957442
0.000284490582998842
0.000282468885416165
0.00028049384127371013
0.0002785618416965008
0.0002766694233287126
0.0002748166734818369
0.00027300603687763214
0.00027124022017233074
0.0002695186121854931
0.00026783905923366547
0.0002662002807483077
0.00026460207300260663
0.00026304644416086376
0.0002615339180920273
0.0002600634761620313
0.0002586334303487092
0.00025724273291416466
0.00025589135475456715
0.0002545802271924913
0.0002533089427743107
0.0002520762791391462
0.00025088072288781404
0.0002497211971785873
0.0002485979348421097
0.00024751038290560246
0.0002464581048116088
0.0002454399655107409
0.000244454073254019
0.00024350009334739298
0.0002425774437142536
0.0002416851930320263
0.0002408225554972887
0.0002399882796453312
0.0002391812449786812
0.0002384004765190184
0.000237645348533988
0.0002369150024605915
0.00023620828869752586
0.0002355240285396576
0.00023486129066441208
0.0002342194929951802
0.0002335975004825741
0.00023299446911551058
0.00023240938025992364
0.0002318414335604757
0.00023128966859076172
0.0002307534741703421
0.00023023186076898128
0.0002297240134794265
0.00022922929201740772
0.00022874685237184167
0.00022827596694696695
0.00022781601001042873
0.0002273663558298722
0.00022692630591336638
0.00022649516176898032
0.000226072603254579
0.0002256578009109944
0.00022525044914800674
0.00022484980581793934
0.0002244555071229115
0.00022406718926504254
0.00022368431382346898
0.00022330669162329286
0.0002229334641015157
0.0002225648204330355
0.00022220000391826034
0.000221839000005275
0.00022148129937704653
0.00022112666920293123
0.00022077487665228546
0.00022042574710212648
0.00022007891675457358
0.00021973437105771154
0.00021939170255791396
0.00021905092580709606
0.00021871153148822486
0.00021837381063960493
0.00021803719573654234
0.00021770190505776554
0.00021736770577263087
0.00021703429229091853
0.00021670176647603512
0.00021636993915308267
0.00021603891218546778
0.000215708147152327
0.00021537815337069333
0.00021504846517927945
0.00021471918444149196
0.00021439019474200904
0.0002140614960808307
0.00021373294293880463
0.0002134046662831679
0.00021307625866029412
0.00021274815662764013
0.00021242005459498614
0.00021209196711424738
0.00021176393784116954
0.00021143589401617646
0.0002111077046720311
0.00021077963174320757
0.00021045139874331653
0.00021012300567235798
0.00020979464170522988
0.00020946611766703427
0.0002091376081807539
0.00020880880765616894
0.0002084798616124317
0.00020815095922444016
0.000207821634830907
0.00020749238319694996
0.00020716298604384065
0.0002068333706120029
0.0002065036096610129
0.00020617374684661627
0.0002058435493381694
0.00020551332272589207
0.00020518286328297108
0.0002048523456323892
0.00020452169701457024
0.0002041906409431249
0.00020385958487167954
0.0002035284269368276
0.00020319700706750154
0.0002028654416790232
0.0002025337453233078
0.00020220177248120308
0.00020186978508718312
0.00020153768127784133
0.00020120527187827975
0.00020087270240765065
0.0002005401038331911
0.00020020725787617266
0.00019987432460766286
0.0001995413185795769
0.00019920796330552548
0.0001988745352718979
0.0001985409762710333
0.00019820735906250775
0.00019787345081567764
0.00019753935339394957
0.00019720529962796718
0.00019687108579091728
0.00019653656636364758
0.00019620191596914083
0.0001958671782631427
0.0001955322950379923
0.00019519733905326575
0.00019486209203023463
0.00019452687411103398
0.00019419156888034195
0.0001938559435075149
0.00019352020171936601
0.0001931843435158953
0.0001928484271047637
0.000192512379726395
0.0001921762159327045
0.00019183987751603127
0.00019150346633978188
0.00019116682233288884
0.00019083019287791103
0.0001904934033518657
0.00019015642465092242
0.0001898193295346573
0.00018948217621073127
0.00018914486281573772
0.0001888075639726594
0.00018847000319510698
0.00018813238420989364
0.00018779464880935848
0.00018745682609733194
0.00018711887241806835
0.0001867807877715677
0.00018644254305399954
0.00018610437109600753
0.00018576602451503277
0.00018542753241490573
0.0001850888947956264
0.00018475025717634708
0.00018441137217450887
0.00018407264724373817
0.00018373361672274768
0.00018339446978643537
0.0001830553956096992
0.00018271607405040413
0.00018237682525068521
0.0001820374745875597
0.00018169786198996007
0.0001813581766327843
0.00018101860769093037
0.00018067870405502617
0.0001803387567633763
0.00017999882402364165
0.00017965880397241563
0.0001793187257135287
0.00017897850193548948
0.00017863816174212843
0.0001782976760296151
0.00017795729218050838
0.0001776168355718255
0.00017727621889207512
0.00017693551490083337
0.00017659473815001547
0.00017625400505494326
0.00017591301002539694
0.00017557214596308768
0.0001752310199663043
0.0001748899376252666
0.00017454876797273755
0.00017420752556063235
0.0001738662540446967
0.00017352489521726966
0.0001731833617668599
0.00017284193017985672
0.00017250045493710786
0.00017215883417520672
0.00017181709699798375
0.0001714754180284217
0.0001711336662992835
0.00017079172539524734
0.00017044978449121118
0.00017010781448334455
0.00016976574261207134
0.00016942372894845903
0.00016908154066186398
0.00016873929416760802
0.0001683970622252673
0.00016805485938675702
0.0001677123800618574
0.00016737010446377099
0.00016702768334653229
0.00016668520402163267
0.0001663426373852417
0.00016600012895651162
0.0001656575477682054
0.00016531495202798396
0.0001649722980801016
0.00016462962958030403
0.00016428690287284553
0.00016394424892496318
0.00016360142035409808
0.00016325866454280913
0.00016291573410853744
0.00016257296374533325
0.00016223003331106156
0.00016188719018828124
0.00016154414333868772
0.00016120116924867034
0.00016085828247014433
0.00016051509010139853
0.00016017202869988978
0.00015982902550604194
0.00015948577492963523
0.00015914271352812648
0.0001587995357112959
0.0001584562414791435
0.0001581130491103977
0.0001577699149493128
0.00015742669347673655
0.000157083326485008
0.0001567403378430754
0.0001563969417475164
0.00015605382213834673
0.00015571055701002479
0.00015536729188170284
0.00015502415772061795
0.00015468080528080463
0.00015433765656780452
0.00015399431867990643
0.00015365108265541494
0.00015330773021560162
0.00015296456695068628
0.00015262131637427956
0.00015227810945361853
0.00015193481522146612
0.00015159162285272032
0.00015124832862056792
0.0001509052381152287
0.00015056203119456768
0.0001502187951700762
0.00014987563190516084
0.00014953248319216073
0.0001491893781349063
0.00014884630218148232
0.00014850324077997357
0.00014816010661888868
0.0001478171325288713
0.00014747412933502346
0.0001471311697969213
0.00014678813749924302
0.00014644523616880178
0.0001461022620787844
0.00014575940440408885
0.00014541653217747808
0.0001450738200219348
0.00014473094779532403
0.0001443883083993569
0.0001440456253476441
0.0001437029568478465
0.00014336040476337075
0.0001430177508154884
0.00014267525693867356
0.00014233283582143486
0.00014199029828887433
0.00014164805179461837
0.00014130571798887104
0.00014096351515036076
0.00014062132686376572
0.00014027918223291636
0.00013993711036164314
0.00013959509669803083
0.00013925318489782512
0.00013891133130528033
0.00013856949226465076
0.00013822779874317348
0.00013788613432552665
0.00013754454266745597
0.00013720309652853757
0.0001368616067338735
0.00013652027701027691
0.00013617902004625648
0.00013583785039372742
0.00013549676805268973
0.00013515578757505864
0.0001348149380646646
0.00013447408855427057
0.00013413335545919836
0.00013379276788327843
0.00013345223851501942
0.0001331118546659127
0.00013277160178404301
0.0001324312761425972
0.0001320910669164732
0.00013175098865758628
0.00013141117233317345
0.00013107132690493017
0.00013073167065158486
0.0001303920871578157
0.00013005256187170744
0.00012971316755283624
0.00012937394785694778
0.0001290349173359573
0.00012869591591879725
0.00012835701636504382
0.00012801821867469698
0.00012767961015924811
0.0001273411326110363
0.00012700275692623109
0.00012666452676057816
0.0001263263839064166
0.00012598845933098346
0.0001256506220670417
0.00012531295942608267
0.00012497541320044547
0.00012463811435736716
0.0001243008446181193
0.00012396377860568464
0.00012362678535282612
0.00012329017044976354
0.0001229534245794639
0.00012261699885129929
0.00012228064588271081
0.00012194449664093554
0.00012160848564235494
0.00012127268564654514
0.00012093705299776047
0.00012060160952387378
0.0001202663333970122
0.00011993123916909099
0.00011959638504777104
0.00011926159641006961
0.00011892713519046083
0.0001185927540063858
0.00011825858382508159
0.00011792466830229387
0.00011759089829865843
0.00011725734657375142
0.00011692394764395431
0.00011659083975246176
0.00011625786282820627
0.00011592514056246728
0.00011559261474758387
0.00011526020534802228
0.00011492814519442618
0.0001145962014561519
0.00011426461423980072
0.00011393309250706807
0.00011360191274434328
0.0001132708421209827
0.00011294011346763
0.00011260960309300572
0.00011227926006540656
0.00011194912804057822
0.00011161930160596967
0.00011128967889817432
0.00011096039088442922
0.00011063122656196356
0.00011030223686248064
0.00010997361096087843
0.00010964522516587749
0.00010931718134088442
0.00010898926120717078
0.00010866161755984649
0.00010833430133061484
0.00010800726158777252
0.00010768045467557386
0.00010735388786997646
0.00010702767758630216
0.00010670158371794969
0.00010637588275130838
0.00010605044371914119
0.00010572532482910901
0.00010540049697738141
0.00010507593833608553
0.00010475168528500944
0.00010442777420394123
0.00010410400136606768
0.00010378061415394768
0.00010345764167141169
0.0001031348729156889
0.00010281246795784682
0.00010249041224597022
0.00010216854570899159
0.00010184705024585128
0.00010152597678825259
0.00010120509978150949
0.00010088455746881664
0.00010056443716166541
0.00010024465154856443
9.992514969781041e-05
9.960588795365766e-05
9.92871355265379e-05
9.896863775793463e-05
9.865050378721207e-05
9.833268995862454e-05
9.801525447983295e-05
9.76981027633883e-05
9.738134394865483e-05
9.706491982797161e-05
9.674884495325387e-05
9.643321391195059e-05
9.611800487618893e-05
9.580299956724048e-05
9.548850357532501e-05
9.517432044958696e-05
9.486053750151768e-05
9.454711835132912e-05
9.423407755093649e-05
9.392150968778878e-05
9.360923286294565e-05
9.329734166385606e-05
9.298596705775708e-05
9.267491259379312e-05
9.23642364796251e-05
9.205406240653247e-05
9.174421575153247e-05
9.143486386165023e-05
9.112583211390302e-05
9.081719326786697e-05
9.050903463503346e-05
9.020131983561441e-05
8.989409980131313e-05
8.958719263318926e-05
8.928078750614077e-05
8.897473162505776e-05
8.866909774951637e-05
8.836400229483843e-05
8.805925608612597e-05
8.775492460699752e-05
8.745110244490206e-05
8.714778232388198e-05
8.684478962095454e-05
8.654229895910248e-05
8.624030306236818e-05
8.593872917117551e-05
8.563771552871913e-05
8.533705840818584e-05
8.50368378451094e-05
8.473727211821824e-05
8.443802653346211e-05
8.413937757723033e-05
8.384118700632825e-05
8.35434184409678e-05
8.32461446407251e-05
8.294940926134586e-05
8.265324868261814e-05
8.235740824602544e-05
8.206216443795711e-05
8.176737901521847e-05
8.147318294504657e-05
8.117942343233153e-05
8.088615140877664e-05
8.059344690991566e-05
8.030129538383335e-05
8.000955131137744e-05
7.971843297127634e-05
7.942767842905596e-05
7.913762237876654e-05
7.884807564551011e-05
7.855903822928667e-05
7.827055378584191e-05
7.798253500368446e-05
7.769511285005137e-05
7.740828732494265e-05
7.712189108133316e-05
7.683617150178179e-05
7.655086665181443e-05
7.626615115441382e-05
7.598205411341041e-05
7.569848094135523e-05
7.541545346612111e-05
7.513302989536896e-05
7.485120295314118e-05
7.456987077603117e-05
7.428913522744551e-05
7.400898903142661e-05
7.37294540158473e-05
7.345051562879235e-05
7.317205745493993e-05
7.289423228939995e-05
7.261705468408763e-05
7.23403791198507e-05
7.206438749562949e-05
7.17889197403565e-05
7.151409226935357e-05
7.123985415091738e-05
7.096622721292078e-05
7.069322600727901e-05
7.042084325803444e-05
7.014898437773809e-05
6.987780216149986e-05
6.96071729180403e-05
6.933721306268126e-05
6.906782073201612e-05
6.879911961732432e-05
6.853104423498735e-05
6.826348544564098e-05
6.799662514822558e-05
6.773050699848682e-05
6.746488361386582e-05
6.720002420479432e-05
6.693559407722205e-05
6.667200068477541e-05
6.64089820929803e-05
6.614669837290421e-05
6.588488031411543e-05
6.56238553347066e-05
6.536346336361021e-05
6.510371167678386e-05
6.48446221021004e-05
6.458624557126313e-05
6.432845839299262e-05
6.40713406028226e-05
6.3814950408414e-05
6.355917867040262e-05
6.330413452815264e-05
6.304973067017272e-05
6.27959962002933e-05
6.254290201468393e-05
6.229054997675121e-05
6.203880184330046e-05
6.178775220178068e-05
6.153740832814947e-05
6.128772656666115e-05
6.103872146923095e-05
6.079048034735024e-05
6.054281766409986e-05
6.029582436894998e-05
6.0049576859455556e-05
5.980407149763778e-05
5.95593337493483e-05
5.931504347245209e-05
5.9071673604194075e-05
5.882892946829088e-05
5.858687654836103e-05
5.834554394823499e-05
5.8104877098230645e-05
5.7864952395902947e-05
5.762577711720951e-05
5.738723848480731e-05
5.7149500207742676e-05
5.691236219718121e-05
5.667599543812685e-05
5.6440389016643167e-05
5.620544106932357e-05
5.597125709755346e-05
5.573769522015937e-05
5.550498826778494e-05
5.527290340978652e-05
5.504161163116805e-05
5.481108746607788e-05
5.45812290511094e-05
5.435215643956326e-05
5.412370228441432e-05
5.3896110330242664e-05
5.3669245971832424e-05
5.344304008758627e-05
5.3217609092826024e-05
5.299297845340334e-05
5.276902811601758e-05
5.254586358205415e-05
5.232334297033958e-05
5.210162635194138e-05
5.188069917494431e-05
5.166047776583582e-05
5.144094757270068e-05
5.1222334150224924e-05
5.100436101201922e-05
5.078714093542658e-05
5.057070666225627e-05
5.0354909035377204e-05
5.013998088543303e-05
4.9925725761568174e-05
4.971225280314684e-05
4.949952563038096e-05
4.9287515139440075e-05
4.9076275900006294e-05
4.886580427410081e-05
4.8656122089596465e-05
4.844716750085354e-05
4.823901690542698e-05
4.8031561163952574e-05
4.782488394994289e-05
4.761890886584297e-05
4.7413788706762716e-05
4.720937431557104e-05
4.700566569226794e-05
4.68028083560057e-05
4.6600693167420104e-05
4.639926919480786e-05
4.619867104338482e-05
4.599881140165962e-05
4.579964297590777e-05
4.560138040687889e-05
4.54037835879717e-05
4.5207038056105375e-05
4.5010998292127624e-05
4.481575888348743e-05
4.462118158699013e-05
4.4427426473703235e-05
4.4234486267669126e-05
4.404219725984149e-05
4.385071588330902e-05
4.365994027466513e-05
4.3470023229019716e-05
4.328080831328407e-05
4.3092364649055526e-05
4.2904666770482436e-05
4.271772922948003e-05
4.253157749189995e-05
4.2346189729869366e-05
4.216158777126111e-05
4.197774251224473e-05
4.179455208941363e-05
4.161225297139026e-05
4.143060868955217e-05
4.124976112507284e-05
4.1069695726037025e-05
4.089037611265667e-05
4.0711875044507906e-05
4.0533985156798735e-05
4.0356993849854916e-05
4.0180679206969216e-05
4.0005154005484655e-05
3.983036367571913e-05
3.9656315493630245e-05
3.9483067666878924e-05
3.9310518332058564e-05
3.913874752470292e-05
3.89677043131087e-05
3.879742507706396e-05
3.862792073050514e-05
3.84591257898137e-05
3.8291032979032025e-05
3.8123849662952125e-05
3.7957190215820447e-05
3.7791436625411734e-05
3.7626428820658475e-05
3.7462061300175264e-05
3.729842501343228e-05
3.713562182383612e-05
3.6973546230001375e-05
3.681224916363135e-05
3.665162148536183e-05
3.649171412689611e-05
3.633259984781034e-05
3.6174144042888656e-05
3.601646312745288e-05
3.585959711926989e-05
3.570331682567485e-05
3.5547869629226625e-05
3.5393069993006065e-05
3.523905252222903e-05
3.5085799027001485e-05
3.493315671221353e-05
3.4781405702233315e-05
3.463025132077746e-05
3.4479864552849904e-05
3.433027814025991e-05
3.418133201193996e-05
3.4033051633741707e-05
3.38855643349234e-05
3.373887375346385e-05
3.3592761610634625e-05
3.3447420719312504e-05
3.3302778319921345e-05
3.315884168841876e-05
3.301559263491072e-05
3.2873067539185286e-05
3.273127003922127e-05
3.259019649703987e-05
3.2449752325192094e-05
3.2310039387084544e-05
3.217105768271722e-05
3.203275264240801e-05
3.1895153369987383e-05
3.1758278055349365e-05
3.1621992093278095e-05
3.148651740048081e-05
3.1351672078017145e-05
3.1217550713336095e-05
3.108406235696748e-05
3.095130523433909e-05
3.081919567193836e-05
3.0687806429341435e-05
3.055705383303575e-05
3.0426977900788188e-05
3.029764411621727e-05
3.016887785634026e-05
3.004089194291737e-05
2.9913504477008246e-05
2.9786882805638015e-05
2.966082320199348e-05
2.9535429348470643e-05
2.9410752176772803e-05
2.9286677090567537e-05
2.9163338695070706e-05
2.904060784203466e-05
2.8918559110024944e-05
2.8797119739465415e-05
2.867641524062492e-05
2.855623279174324e-05
2.843676702468656e-05
2.831794336088933e-05
2.8199727239552885e-05
2.8082155040465295e-05
2.7965284971287474e-05
2.78490551863797e-05
2.77333747362718e-05
2.7618410967988893e-05
2.7504025638336316e-05
2.739023148023989e-05
2.727712671912741e-05
2.7164640414412133e-05
2.7052772566094063e-05
2.6941470423480496e-05
2.6830854039872065e-05
2.6720828827819787e-05
2.6611442081048153e-05
2.65026101260446e-05
2.6394412998342887e-05
2.6286854335921817e-05
2.617979953356553e-05
2.607347778393887e-05
2.5967625333578326e-05
2.586248047009576e-05
2.575783582869917e-05
2.5653889679233544e-05
2.5550421923981048e-05
2.54475944529986e-05
2.5345383619423956e-05
2.524369665479753e-05
2.5142653612419963e-05
2.5042148990905844e-05
2.4942202799138613e-05
2.4842915081535466e-05
2.474410939612426e-05
2.46458930632798e-05
2.4548287910874933e-05
2.445119207550306e-05
2.4354687411687337e-05
2.4258710254798643e-05
2.4163346097338945e-05
2.4068525817710906e-05
2.3974222131073475e-05
2.388048051216174e-05
2.3787333702784963e-05
2.3694652554695494e-05
2.3602524379384704e-05
2.351098373765126e-05
2.3419961507897824e-05
2.3329475880018435e-05
2.3239526854013093e-05
2.31501162488712e-05
2.3061173124006018e-05
2.2972875740379095e-05
2.288503856107127e-05
2.279770160384942e-05
2.2710915800416842e-05
2.262461384816561e-05
2.2538844859809615e-05
2.2453587007476017e-05
2.2368871213984676e-05
2.2284602891886607e-05
2.220083842985332e-05
2.211763057857752e-05
2.2034910216461867e-05
2.195267916249577e-05
2.1870966520509683e-05
2.1789639504277147e-05
2.1708905478590168e-05
2.162861892429646e-05
2.1548834411078133e-05
2.1469521016115323e-05
2.1390727852121927e-05
2.1312327589839697e-05
2.12345094041666e-05
2.1157085939194076e-05
2.1080202714074403e-05
2.1003732399549335e-05
2.092772047035396e-05
2.085218693537172e-05
2.07771772693377e-05
2.070255322905723e-05
2.062843668682035e-05
2.055474033113569e-05
2.0481507817748934e-05
2.040872277575545e-05
2.0336434317869134e-05
2.0264504200895317e-05
2.0193105228827335e-05
2.0122091882512905e-05
2.005154237849638e-05
1.998141669901088e-05
1.9911725757992826e-05
1.9842465917463414e-05
1.977363535843324e-05
1.970525954675395e-05
1.9637260265881196e-05
1.956971755134873e-05
1.950257683347445e-05
1.9435812646406703e-05
1.9369570509297773e-05
1.930365942826029e-05
1.9238173990743235e-05
1.917312874866184e-05
1.9108403648715466e-05
1.904411328723654e-05
1.8980283130076714e-05
1.8916785847977735e-05
1.8853719666367397e-05
1.8790986359817907e-05
1.8728707800619304e-05
1.866677303041797e-05
1.8605263903737068e-05
1.8544144040788524e-05
1.8483417079551145e-05
1.8423033907311037e-05
1.8363009075983427e-05
1.8303384422324598e-05
1.824415085138753e-05
1.8185324734076858e-05
1.812679329304956e-05
1.8068700228468515e-05
1.801090365916025e-05
1.7953518181457184e-05
1.7896494682645425e-05
1.7839804058894515e-05
1.7783488146960735e-05
1.7727501472108997e-05
1.7671929526841268e-05
1.761661042110063e-05
1.7561671484145336e-05
1.7507123629911803e-05
1.745290865073912e-05
1.73990356415743e-05
1.7345520973321982e-05
1.729230280034244e-05
1.7239455701201223e-05
1.7186906916322187e-05
1.7134674635599367e-05
1.7082831618608907e-05
1.703127782093361e-05
1.6980031432467513e-05
1.692916157480795e-05
1.68785554706119e-05
1.6828336811158806e-05
1.677840919001028e-05
1.672877806413453e-05
1.6679483451298438e-05
1.6630492609692737e-05
1.6581834643147886e-05
1.653345680097118e-05
1.6485366359120235e-05
1.6437623344245367e-05
1.639017318666447e-05
1.6343021343345754e-05
1.629611688258592e-05
1.624956348678097e-05
1.62032556545455e-05
1.6157309801201336e-05
1.6111631339299493e-05
1.6066218449850567e-05
1.6021129340515472e-05
1.5976305803633295e-05
1.593171873537358e-05
1.588743725733366e-05
1.5843455912545323e-05
1.5799756511114538e-05
1.5756355423945934e-05
1.571315988257993e-05
1.5670319044147618e-05
1.5627663742634468e-05
1.5585315850330517e-05
1.5543229892500676e-05
1.5501478628721088e-05
1.5459929272765294e-05
1.5418601833516732e-05
1.5377574527519755e-05
1.5336823707912117e-05
1.5296307537937537e-05
1.5256043297995348e-05
1.5215992789308075e-05
1.5176263332250528e-05
1.5136793081182986e-05
1.5097532013896853e-05
1.505849741079146e-05
1.5019770216895267e-05
1.4981212189013604e-05
1.4942932466510683e-05
1.4904907402524259e-05
1.4867138816043735e-05
1.4829551219008863e-05
1.4792189176660031e-05
1.4755105439689942e-05
1.4718285456183366e-05
1.4681636457680725e-05
1.4645240298705176e-05
1.4609056961489841e-05
1.4573090993508231e-05
1.4537367860611994e-05
1.4501849364023656e-05
1.4466604625340551e-05
1.4431549061555415e-05
1.4396675396710634e-05
1.4362088222696912e-05
1.432764565834077e-05
1.4293457752501126e-05
1.4259485396905802e-05
1.4225705854187254e-05
1.4192150956660043e-05
1.4158810699882451e-05
1.4125652342045214e-05
1.409271590091521e-05
1.4060001376492437e-05
1.4027456927578896e-05
1.399509983457392e-05
1.3963000128569547e-05
1.3931023204349913e-05
1.3899306395614985e-05
1.3867783309251536e-05
1.383640574204037e-05
1.3805234630126506e-05
1.3774293620372191e-05
1.3743527233600616e-05
1.3712905456486624e-05
1.3682494682143442e-05
1.3652283996634651e-05
1.3622234291688073e-05
1.3592414688901044e-05
1.356272605335107e-05
1.3533260244003031e-05
1.350394177279668e-05
1.3474817933456507e-05
1.344587144558318e-05
1.3417131413007155e-05
1.3388511433731765e-05
1.336007881036494e-05
1.3331812624528538e-05
1.3303734704095405e-05
1.3275814126245677e-05
1.3248051800474059e-05
1.3220491382526234e-05
1.3193112863518763e-05
1.3165816199034452e-05
1.3138752365193795e-05
1.3111838597978931e-05
1.308504943153821e-05
1.3058458534942474e-05
1.3031987691647373e-05
1.3005740584048908e-05
1.2979631719645113e-05
1.2953655641467776e-05
1.2927846910315566e-05
1.2902202797704376e-05
1.287669874727726e-05
1.2851328392571304e-05
1.2826134479837492e-05
1.280109972867649e-05
1.2776170478900895e-05
1.2751410395139828e-05
1.2726798559015151e-05
1.270233315153746e-05
1.2678042367042508e-05
1.2653843441512436e-05
1.2629809134523384e-05
1.2605913070729002e-05
1.2582174349518027e-05
1.2558540220197756e-05
1.2535048881545663e-05
1.2511725799413398e-05
1.2488539141486399e-05
1.2465466170397121e-05
1.2442531442502514e-05
1.24197476907284e-05
1.2397074897307903e-05
1.2374529433145653e-05
1.2352124031167477e-05
1.2329883247730322e-05
1.2307745237194467e-05
1.2285699085623492e-05
1.2263817552593537e-05
1.2242067896295339e-05
1.2220401004015002e-05
1.2198918739159126e-05
1.2177548342151567e-05
1.2156293450971134e-05
1.2135116776335053e-05
1.2114114724681713e-05
1.2093228178855497e-05
1.2072406207153108e-05
1.2051772500853986e-05
1.2031212463625707e-05
1.2010759746772237e-05
1.1990440725639928e-05
1.197021992993541e-05
1.1950159205298405e-05
1.1930182154173963e-05
1.1910339708265383e-05
1.189057275041705e-05
1.1870936759805772e-05
1.1851399904116988e-05
1.1832003110612277e-05
1.1812684533651918e-05
1.1793482372013386e-05
1.1774392987717874e-05
1.1755396371881943e-05
1.1736518899851944e-05
1.1717736924765632e-05
1.1699058632075321e-05
1.1680494935717434e-05
1.1662024007819127e-05
1.1643653124338016e-05
1.1625395927694626e-05
1.1607201486185659e-05
1.1589131645450834e-05
1.1571158211154398e-05
1.1553334843483754e-05
1.1535584235389251e-05
1.1517891834955662e-05
1.1500309483380988e-05
1.1482821719255298e-05
1.1465466741356067e-05
1.1448161785665434e-05
1.1430925951572135e-05
1.1413849279051647e-05
1.1396838090149686e-05
1.137992148869671e-05
1.1363088560756296e-05
1.1346386600052938e-05
1.1329699191264808e-05
1.131311000790447e-05
1.1296671800664626e-05
1.1280279977654573e-05
1.1263971828157082e-05
1.1247769180044997e-05
1.1231634744035546e-05
1.1215607628400903e-05
1.119966236728942e-05
1.1183766218891833e-05
1.1167986485816073e-05
1.1152308616146911e-05
1.1136634384456556e-05
1.1121090210508555e-05
1.1105657904408872e-05
1.1090253792644944e-05
1.1074973372160457e-05
1.105972842196934e-05
1.1044589882658329e-05
1.1029526831407566e-05
1.101456018659519e-05
1.099963174056029e-05
1.0984806067426689e-05
1.097007861972088e-05
1.0955404832202476e-05
1.094078197638737e-05
1.0926270078925882e-05
1.0911789104284253e-05
1.089741363102803e-05
1.088311637431616e-05
1.0868872777791694e-05
1.0854705578822177e-05
1.0840623872354627e-05
1.0826609468495008e-05
1.0812660548253916e-05
1.07988016679883e-05
1.0784958249132615e-05
1.0771226698125247e-05
1.0757547897810582e-05
1.0743950042524375e-05
1.0730420399340801e-05
1.071694350684993e-05
1.0703507541620638e-05
1.0690210729080718e-05
1.0676949386834167e-05
1.0663754437700845e-05
1.06505985968397e-05
1.0637510058586486e-05
1.0624514288792852e-05
1.0611562174744904e-05
1.0598665539873764e-05
1.0585871677903924e-05
1.0573117833700962e-05
1.0560425835137721e-05
1.0547771125857253e-05
1.0535214642004576e-05
1.0522658158151899e-05
1.0510226275073364e-05
1.049784532369813e-05
1.0485507118573878e-05
1.047322166414233e-05
1.0460990779392887e-05
1.044884447765071e-05
1.0436747288622428e-05
1.0424681022414006e-05
1.0412693882244639e-05
1.0400779501651414e-05
1.0388898772362154e-05
1.0377065336797386e-05
1.0365285561420023e-05
1.035358218359761e-05
1.0341948836867232e-05
1.0330340046493802e-05
1.03187967397389e-05
1.0307298907719087e-05
1.029584018397145e-05
1.0284447853337042e-05
1.0273132829752285e-05
1.0261835086566862e-05
1.0250626473862212e-05
1.0239417861157563e-05
1.022830019792309e-05
1.0217205272056162e-05
1.0206180377281271e-05
1.0195181857852731e-05
1.018425427901093e-05
1.0173388545808848e-05
1.0162552825931925e-05
1.015176167129539e-05
1.0141047823708504e-05
1.0130336704605725e-05
1.0119703802047297e-05
1.0109129107149784e-05
1.0098555321746971e-05
1.0088071576319635e-05
1.0077596016344614e-05
1.0067195034935139e-05
1.0056845894723665e-05
1.0046523129858542e-05
1.0036248568212613e-05
1.0026035852206405e-05
1.0015851330535952e-05
1.0005691365222447e-05
9.995585060096346e-06
9.98552241071593e-06
9.97554434434278e-06
9.965601748262998e-06
9.955639143299777e-06
9.945773854269646e-06
9.935934031091165e-06
9.926132406690158e-06
9.916364433593117e-06
9.906674677040428e-06
9.896984920487739e-06
9.887337910186034e-06
9.877780030365102e-06
9.868202141660731e-06
9.858717021415941e-06
9.849222806224134e-06
9.839772246778011e-06
9.83038898993982e-06
9.821010280575138e-06
9.811738891585264e-06
9.802427484828513e-06
9.793182471184991e-06
9.78399930318119e-06
9.77481158770388e-06
9.765693903318606e-06
9.756596227816772e-06
9.747534022608306e-06
9.73851274466142e-06
9.729526937007904e-06
9.72057841863716e-06
9.711656275612768e-06
9.702804163680412e-06
9.693939318822231e-06
9.685163604444824e-06
9.676356057752855e-06
9.667628546594642e-06
9.658951967139728e-06
9.65025265031727e-06
9.641621545597445e-06
9.633030458644498e-06
9.624460290069692e-06
9.61592286330415e-06
9.607431820768397e-06
9.59894350671675e-06
9.590498848410789e-06
9.582121492712758e-06
9.573743227520026e-06
9.565390428178944e-06
9.557092198519967e-06
9.548827620164957e-06
9.540575774735771e-06
9.53237213252578e-06
9.524150300421752e-06
9.516046702628955e-06
9.507919457973912e-06
9.499814950686414e-06
9.491762284596916e-06
9.483721441938542e-06
9.475734259467572e-06
9.467783456784673e-06
9.459805369260721e-06
9.451896403334104e-06
9.443993803870399e-06
9.436159416509327e-06
9.428350494999904e-06
9.420536116522271e-06
9.412772669747937e-06
9.405034688825253e-06
9.397273061040323e-06
9.389636034029536e-06
9.381961717735976e-06
9.374329238198698e-06
9.366747690364718e-06
9.359116120322142e-06
9.351587323180865e-06
9.344071258965414e-06
9.336547009297647e-06
9.329103704658337e-06
9.321653124061413e-06
9.314229828305542e-06
9.306851097790059e-06
9.299458724854048e-06
9.292110007663723e-06
9.284812222176697e-06
9.277487151848618e-06
9.27026030694833e-06
9.262984349334147e-06
9.255765689886175e-06
9.248557034879923e-06
9.241419320460409e-06
9.234234312316403e-06
9.227145710610785e-06
9.220037100021727e-06
9.2129439508426e-06
9.205891728925053e-06
9.198885891237296e-06
9.19186459213961e-06
9.184884220303502e-06
9.177946594718378e-06
9.17098623176571e-06
9.164075891021639e-06
9.157194654108025e-06
9.150303412752692e-06
9.143467650574166e-06
9.136649168794975e-06
9.12983432499459e-06
9.123034942604136e-06
9.116321052715648e-06
9.109578058996703e-06
9.10287144506583e-06
9.09615664568264e-06
9.089496415981557e-06
9.082810720428824e-06
9.076191417989321e-06
9.06955756363459e-06
9.062994649866596e-06
9.05642536963569e-06
9.049873369804118e-06
9.04330863704672e-06
9.036800292960834e-06
9.030351066030562e-06
9.023862730828114e-06
9.017408956424333e-06
9.010966095956974e-06
9.004545063362457e-06
8.998157682071906e-06
8.991783033707179e-06
8.9854329416994e-06
8.979098311101552e-06
8.972805517259985e-06
8.966485438577365e-06
8.96021902008215e-06
8.953943506639916e-06
8.94768163561821e-06
8.94145432539517e-06
8.935273399401922e-06
8.929074283514638e-06
8.92289426701609e-06
8.916757906263229e-06
8.910606084100436e-06
8.90447790879989e-06
8.898380656319205e-06
8.892286132322624e-06
8.886212526704185e-06
8.880169843905605e-06
8.87415990291629e-06
8.868145414453465e-06
8.862160029821098e-06
8.856144631863572e-06
8.85017743712524e-06
8.844246622174978e-06
8.838319445203524e-06
8.83239226823207e-06
8.826494195091072e-06
8.820617949822918e-06
8.814747161522973e-06
8.808890015643556e-06
8.8030647020787e-06
8.797243935987353e-06
8.7914195319172e-06
8.785631507635117e-06
8.77986713021528e-06
8.774122761678882e-06
8.76837111718487e-06
8.7626413005637e-06
8.756919669394847e-06
8.75122168508824e-06
8.745530976739246e-06
8.739885743125342e-06
8.734191396797542e-06
8.728570719540585e-06
8.722950042283628e-06
8.717348464415409e-06
8.71174688654719e-06
8.706168046046514e-06
8.700586477061734e-06
8.695013093529269e-06
8.689515198057052e-06
8.683974556333851e-06
8.6784593804623e-06
8.67292419570731e-06
8.667497240821831e-06
8.661973879497964e-06
8.656531463202555e-06
8.65111178427469e-06
8.645650268590543e-06
8.64024696056731e-06
8.634845471533481e-06
8.629422154626809e-06
8.624042493465822e-06
8.61868556967238e-06
8.613344107288867e-06
8.608028110757004e-06
8.602673915447667e-06
8.597348823968787e-06
8.59208194015082e-06
8.586769581597764e-06
8.581469955970533e-06
8.576221262046602e-06
8.570964382670354e-06
8.565722055209335e-06
8.560503374610562e-06
8.555258318665437e-06
8.55006783240242e-06
8.544883712602314e-06
8.539705049770419e-06
8.534531843906734e-06
8.52937955642119e-06
8.524215445504524e-06
8.519085895386524e-06
8.51397453516256e-06
8.508872269885615e-06
8.50378091854509e-06
8.49867683427874e-06
8.49359821586404e-06
8.488539606332779e-06
8.483474630338605e-06
8.478421477775555e-06
8.473402886011172e-06
8.468372470815666e-06
8.463379344902933e-06
8.458375305053778e-06
8.453388545603957e-06
8.448406333627645e-06
8.443465958407614e-06
8.438510121777654e-06
8.433550647168886e-06
8.428605724475347e-06
8.423665349255316e-06
8.418764991802163e-06
8.413841896981467e-06
8.408984285779297e-06
8.404078471357934e-06
8.399201760767028e-06
8.394346878048964e-06
8.389482900383882e-06
8.384638022107538e-06
8.379813152714632e-06
8.374991921300534e-06
8.370169780391734e-06
8.365384019271005e-06
8.360590982192662e-06
8.35579885460902e-06
8.351015821972396e-06
8.346261893166229e-06
8.341487955476623e-06
8.336737664649263e-06
8.331989192811307e-06
8.327286195708439e-06
8.322575922647957e-06
8.317859283124562e-06
8.313159924000502e-06
8.308461474371143e-06
8.303765753225889e-06
8.299125511257444e-06
8.294437975564506e-06
8.28980773803778e-06
8.285142939712387e-06
8.280527254100889e-06
8.275868822238408e-06
8.271266779047437e-06
8.266650183941238e-06
8.262035407824442e-06
8.257462468463928e-06
8.252869520219974e-06
8.24829112389125e-06
8.24371545604663e-06
8.239159797085449e-06
8.234629603975918e-06
8.230083039961755e-06
8.225533747463487e-06
8.220999006880447e-06
8.216446985898074e-06
8.21197681943886e-06
8.207468454202171e-06
8.203001016227063e-06
8.198456271202303e-06
8.193987923732493e-06
8.18953321868321e-06
8.185076694644522e-06
8.18062289908994e-06
8.176173651008867e-06
8.171731678885408e-06
8.167308806150686e-06
8.162871381500736e-06
8.15843577584019e-06
8.154054739861749e-06
8.149640962074045e-06
8.145239007717464e-06
8.140868885675445e-06
8.13649512565462e-06
8.132094990287442e-06
8.127762157528196e-06
8.123412953864317e-06
8.119056474242825e-06
8.114682714221999e-06
8.110342605505139e-06
8.106046152533963e-06
8.101702405838296e-06
8.097420504782349e-06
8.093114047369454e-06
8.088811227935366e-06
8.084496585070156e-06
8.080229235929437e-06
8.075961886788718e-06
8.071716365520842e-06
8.06741627457086e-06
8.0631789387553e-06
8.058903404162265e-06
8.054696081671864e-06
8.050444193941075e-06
8.046199582167901e-06
8.041980436246376e-06
8.037766747293063e-06
8.03356942924438e-06
8.029385753616225e-06
8.025184797588736e-06
8.020977475098334e-06
8.016818355827127e-06
8.012641956156585e-06
8.00845828052843e-06
8.004307346709538e-06
8.000156412890647e-06
7.996013664524071e-06
7.991857273736969e-06
7.987725439306814e-06
7.9836145232548e-06
7.979488145792857e-06
7.975350854394492e-06
7.971262675710022e-06
7.967158126120921e-06
7.963036296132486e-06
7.958931746543385e-06
7.954859029268846e-06
7.950771760079078e-06
7.946675395942293e-06
7.94262086856179e-06
7.938543603813741e-06
7.93447998148622e-06
7.930440915515646e-06
7.926365469757002e-06
7.922354598122183e-06
7.918288247310556e-06
7.914263733255211e-06
7.910240128694568e-06
7.906228347565047e-06
7.902192919573281e-06
7.898221156210639e-06
7.89424120739568e-06
7.890241249697283e-06
7.88625402492471e-06
7.882224963395856e-06
7.878309588704724e-06
7.874334187363274e-06
7.870353329053614e-06
7.8663961176062e-06
7.86246164352633e-06
7.858514436520636e-06
7.85456632002024e-06
7.850643669371493e-06
7.846713742765132e-06
7.842776540201157e-06
7.838882083888166e-06
7.834961252228823e-06
7.831047696527094e-06
7.827141416782979e-06
7.823234227544162e-06
7.819377970008645e-06
7.81545077188639e-06
7.811589057382662e-06
7.8077100624796e-06
7.803838343534153e-06
7.799978448019829e-06
7.796109457558487e-06
7.792230462655425e-06
7.788399670971557e-06
7.784519766573794e-06
7.780667147017084e-06
7.776836355333216e-06
7.772998287691735e-06
7.769167496007867e-06
7.765338523313403e-06
7.761528650007676e-06
7.757686944387387e-06
7.753875252092257e-06
7.750074473733548e-06
7.74627915234305e-06
7.742475645500235e-06
7.738690328551456e-06
7.734913197054993e-06
7.731100595265161e-06
7.727326192252804e-06
7.723549970251042e-06
7.719800123595633e-06
7.716024811088573e-06
7.71228314988548e-06
7.708516932325438e-06
7.70478891354287e-06
7.701079084654339e-06
7.697331966483034e-06
7.693593033764046e-06
7.689880476391409e-06
7.68615700508235e-06
7.682433533773292e-06
7.678745532757603e-06
7.675023880437948e-06
7.67131132306531e-06
7.667620593565516e-06
7.663939868507441e-06
7.66028188081691e-06
7.656558409507852e-06
7.652874955965672e-06
7.649238796147984e-06
7.6455535236164e-06
7.641910087841097e-06
7.638254828634672e-06
7.634600478922948e-06
7.63096431910526e-06
7.627286777278641e-06
7.623683359270217e-06
7.620031283295248e-06
7.6164110396348406e-06
7.612759418407222e-06
7.609127806063043e-06
7.605538939969847e-06
7.6019041443942115e-06
7.598297997901682e-06
7.594695034640608e-06
7.591106623294763e-06
7.58751411922276e-06
7.583901151519967e-06
7.580322289868491e-06
7.576683401566697e-06
7.573146831418853e-06
7.5695493251259904e-06
7.566006843262585e-06
7.562409336969722e-06
7.558820925623877e-06
7.555266620329348e-06
7.5516895776672754e-06
7.54813163439394e-06
7.5445759648573585e-06
7.541056675108848e-06
7.537493729614653e-06
7.533966709161177e-06
7.5304174060875084e-06
7.526879016950261e-06
7.523366093664663e-06
7.519851806137012e-06
7.516304322052747e-06
7.512780939578079e-06
7.509303031838499e-06
7.505767371185357e-06
7.5022999226348475e-06
7.498768809455214e-06
7.495289992220933e-06
7.4917847996403e-06
7.488280061807018e-06
7.484801699320087e-06
7.481334250769578e-06
7.4778631642402615e-06
7.4743829827639274e-06
7.470899618056137e-06
7.467450359399663e-06
7.463974270649487e-06
7.460530014213873e-06
7.457085303030908e-06
7.453621037711855e-06
7.450193606928224e-06
7.446717518178048e-06
7.443311915267259e-06
7.439869477821048e-06
7.436425221385434e-06
7.432988240907434e-06
7.429558536387049e-06
7.426155661960365e-06
7.422725502692629e-06
7.419331268465612e-06
7.4159252108074725e-06
7.4125086939602625e-06
7.409098998323316e-06
7.405718406516826e-06
7.402316441584844e-06
7.398917205136968e-06
7.3955420702986885e-06
7.3921537477872334e-06
7.3887849794118665e-06
7.385408935078885e-06
7.382032890745904e-06
7.378649570455309e-06
7.375301265710732e-06
7.3719224928936455e-06
7.368571459664963e-06
7.365219516941579e-06
7.361850748566212e-06
7.358505627053091e-06
7.355175057455199e-06
7.3518076533218846e-06
7.348466169787571e-06
7.345130597968819e-06
7.3417945714027155e-06
7.338508112297859e-06
7.335151622100966e-06
7.331861070269952e-06
7.328478204726707e-06
7.325207207031781e-06
7.321913017221959e-06
7.318580173887312e-06
7.315256880247034e-06
7.3119549597322475e-06
7.308644399017794e-06
7.305365670617903e-06
7.30204510546173e-06
7.298779109987663e-06
7.2954931056301575e-06
7.292207556020003e-06
7.2889442890300415e-06
7.28562963558943e-06
7.282362275873311e-06
7.279094916157192e-06
7.275813459273195e-06
7.272560651472304e-06
7.269291927514132e-06
7.266019110829802e-06
7.262782673933543e-06
7.259526682901196e-06
7.256278422573814e-06
7.253073817992117e-06
7.249810551002156e-06
7.246563200169476e-06
7.24332858226262e-06
7.24011715647066e-06
7.236886176542612e-06
7.233639735204633e-06
7.230446044559358e-06
7.2272187026101165e-06
7.224027740448946e-06
7.220808583952021e-06
7.217576694529271e-06
7.214378001663135e-06
7.211176125565544e-06
7.2079892561305314e-06
7.204778739833273e-06
7.201583684945945e-06
7.1984040914685465e-06
7.195232683443464e-06
7.192062184913084e-06
7.188868949015159e-06
7.185682079580147e-06
7.182512490544468e-06
7.179339718277333e-06
7.176167400757549e-06
7.172980986069888e-06
7.169851869548438e-06
7.166681371018058e-06
7.16351223672973e-06
7.160366294556297e-06
7.157241270761006e-06
7.154082140914397e-06
7.15092346581514e-06
7.1477893470728304e-06
7.144635219447082e-06
7.141478818084579e-06
7.138358796510147e-06
7.13524650564068e-06
7.132093287509633e-06
7.128987363103079e-06
7.1258637035498396e-06
7.122741408238653e-06
7.119630481611239e-06
7.116506822058e-06
7.113411811587866e-06
7.110294063750189e-06
7.1071713136916514e-06
7.104064479790395e-06
7.101000846887473e-06
7.097882189555094e-06
7.094779903127346e-06
7.09170399204595e-06
7.088623533491045e-06
7.085523520800052e-06
7.082475804054411e-06
7.079389433783945e-06
7.07630897522904e-06
7.073235792631749e-06
7.0701817094231956e-06
7.06712671671994e-06
7.064019428071333e-06
7.060984444251517e-06
7.0579417297267355e-06
7.054879915813217e-06
7.051811280689435e-06
7.048769020912005e-06
7.045724032650469e-06
7.042682227620389e-06
7.039618139970116e-06
7.036606348265195e-06
7.033575002424186e-06
7.030542747088475e-06
7.02749275660608e-06
7.024484148132615e-06
7.021450528554851e-06
7.018451015028404e-06
7.015404207777465e-06
7.012411515461281e-06
7.009406999713974e-06
7.006380656093825e-06
7.0033611336839385e-06
7.000370715104509e-06
6.997368018346606e-06
6.994380328251282e-06
6.991395366640063e-06
6.9883976721030194e-06
6.985439085838152e-06
6.982398190302774e-06
6.979445061006118e-06
6.976470103836618e-06
6.973460585868452e-06
6.970471531531075e-06
6.967502486077137e-06
6.964558906474849e-06
6.961585313547403e-06
6.958616268093465e-06
6.9556417656713165e-06
6.952686817385256e-06
6.9496818468905985e-06
6.94675327395089e-06
6.943811513338005e-06
6.940872935956577e-06
6.937891157576814e-06
6.934964403626509e-06
6.932034011697397e-06
6.929065875738161e-06
6.9261468524928205e-06
6.923226010258077e-06
6.920282430655789e-06
6.917350219737273e-06
6.914434379723389e-06
6.911480795679381e-06
6.908585419296287e-06
6.905655027367175e-06
6.902717814227799e-06
6.899820618855301e-06
6.896912964293733e-06
6.893986210343428e-06
6.891078101034509e-06
6.888153620820958e-06
6.885256880195811e-06
6.882361958560068e-06
6.879462489450816e-06
6.876587576698512e-06
6.873665824969066e-06
6.870778179290937e-06
6.8678891693707556e-06
6.865006525913486e-06
6.8621216087194625e-06
6.859235327283386e-06
6.856388608866837e-06
6.853478680568514e-06
6.850600129837403e-06
6.847723852843046e-06
6.8448589445324615e-06
6.841994036221877e-06
6.839141406089766e-06
6.836301054136129e-06
6.833414317952702e-06
6.830576239735819e-06
6.8276958700153045e-06
6.8248723437136505e-06
6.8220001594454516e-06
6.819175723649096e-06
6.81631036059116e-06
6.813481832068646e-06
6.81064193486236e-06
6.8078215917921625e-06
6.804975328122964e-06
6.802148163842503e-06
6.799302809668006e-06
6.796482011850458e-06
6.793667580495821e-06
6.7908590608567465e-06
6.788030532334233e-06
6.7851915446226485e-06
6.782385753467679e-06
6.779584964533569e-06
6.776771442673635e-06
6.77396792525542e-06
6.771162588847801e-06
6.768379989807727e-06
6.765557827748125e-06
6.762778411939507e-06
6.7599903559312224e-06
6.757191840733867e-06
6.7543869590735994e-06
6.751608452759683e-06
6.748815849277889e-06
6.746029157511657e-06
6.743261565134162e-06
6.7404762376099825e-06
6.737713647453347e-06
6.734952421538765e-06
6.732162546541076e-06
6.729407687089406e-06
6.726632364006946e-06
6.7238779593026266e-06
6.721119007124798e-06
6.718367330904584e-06
6.715596555295633e-06
6.712859885737998e-06
6.710120942443609e-06
6.7073442551190965e-06
6.7046203184872866e-06
6.701863185298862e-06
6.699116056552157e-06
6.69638347972068e-06
6.693663635815028e-06
6.690903319395147e-06
6.688156190648442e-06
6.685449079668615e-06
6.682714229100384e-06
6.680008482362609e-06
6.6772681748261675e-06
6.674557880614884e-06
6.671827577520162e-06
6.6691131905827206e-06
6.666400167887332e-06
6.66367532176082e-06
6.660977760475362e-06
6.658245638391236e-06
6.6555339799379e-06
6.652853699051775e-06
6.650148861808702e-06
6.647430836892454e-06
6.644755103479838e-06
6.642059815931134e-06
6.639364073635079e-06
6.636644684476778e-06
6.633950306422776e-06
6.631268661294598e-06
6.6285833781876136e-06
6.6259158302273136e-06
6.62323600408854e-06
6.620559361181222e-06
6.61788044453715e-06
6.615204256377183e-06
6.612539436900988e-06
6.6098587012675125e-06
6.607193881791318e-06
6.604516329389298e-06
6.601869245059788e-06
6.599215794267366e-06
6.5965250541921705e-06
6.593886610062327e-06
6.591232704522554e-06
6.588587439182447e-06
6.585955361515516e-06
6.583262802450918e-06
6.580673016287619e-06
6.57801592751639e-06
6.575370207428932e-06
6.572739039256703e-06
6.5701019593689125e-06
6.567454875039402e-06
6.564824616361875e-06
6.562218459293945e-06
6.559581834153505e-06
6.5569406615395565e-06
6.554344054165995e-06
6.551706974278204e-06
6.549094450747361e-06
6.546477834490361e-06
6.54388668408501e-06
6.541262337123044e-06
6.538667548738886e-06
6.536054570460692e-06
6.5334415921824984e-06
6.530854534503305e-06
6.528255653392989e-06
6.5256831476290245e-06
6.52306971460348e-06
6.520468559756409e-06
6.51788332106662e-06
6.515279437735444e-06
6.512688287330093e-06
6.510112143587321e-06
6.5075364545919e-06
6.504958037112374e-06
6.502372798422584e-06
6.499791197711602e-06
6.4971968640747946e-06
6.494636636489304e-06
6.492070042440901e-06
6.489513907581568e-06
6.486950496764621e-06
6.4843961808946915e-06
6.481804120994639e-06
6.479264357039938e-06
6.476680482592201e-06
6.474137080658693e-06
6.471580491052009e-06
6.4690157159930095e-06
6.466477771027712e-06
6.463912541221362e-06
6.461355042119976e-06
6.458833468059311e-06
6.456277333199978e-06
6.453746209444944e-06
6.451205990742892e-06
6.4486407609365415e-06
6.4461214606126305e-06
6.443597612815211e-06
6.441076038754545e-06
6.438524451368721e-06
6.436004696297459e-06
6.433484031731496e-06
6.430954726965865e-06
6.428427241189638e-06
6.425925676012412e-06
6.423402282962343e-06
6.420902082027169e-06
6.418381872208556e-06
6.4158689383475576e-06
6.413359642465366e-06
6.41085807728814e-06
6.408351509890053e-06
6.405854946933687e-06
6.403367933671689e-06
6.400849542842479e-06
6.398348432412604e-06
6.3958987084333785e-06
6.3933830460882746e-06
6.390892394847469e-06
6.388435849657981e-06
6.3859174588287715e-06
6.383432719303528e-06
6.380960257956758e-06
6.378449597832514e-06
6.376005330821499e-06
6.3735369622008875e-06
6.371057224896504e-06
6.368584763549734e-06
6.366074558172841e-06
6.363633474393282e-06
6.3611523728468455e-06
6.3586930991732515e-06
6.356239282467868e-06
6.3537786445522215e-06
6.3513157328998204e-06
6.3488600972050335e-06
6.346388090605615e-06
6.3439297264267225e-06
6.341492735373322e-06
6.339041192404693e-06
6.336586011457257e-06
6.334155386866769e-06
6.331692929961719e-06
6.3292623053712305e-06
6.326818038360216e-06
6.324361038423376e-06
6.3219522417057306e-06
6.3195411712513305e-06
6.317097358987667e-06
6.314646270766389e-06
6.3121992752712686e-06
6.309779109869851e-06
6.30737804385717e-06
6.304934231593506e-06
6.302509973465931e-06
6.300069344433723e-06
6.297658273979323e-06
6.295234925346449e-06
6.292814759945031e-06
6.290435521805193e-06
6.288024451350793e-06
6.285619292611955e-06
6.2831891227688175e-06
6.280792149482295e-06
6.278385626501404e-06
6.27599320068839e-06
6.273585313465446e-06
6.271187430684222e-06
6.268827291933121e-06
6.266415311984019e-06
6.264022886171006e-06
6.26163455308415e-06
6.2592534959549084e-06
6.256860615394544e-06
6.254458185139811e-06
6.252065304579446e-06
6.249701982596889e-06
6.247332748898771e-06
6.244948053790722e-06
6.2425829128187615e-06
6.24020685791038e-06
6.237819889065577e-06
6.2354497458727565e-06
6.233090061869007e-06
6.2307312873599585e-06
6.228362963156542e-06
6.225984634511406e-06
6.22361176283448e-06
6.221263447514502e-06
6.218926955625648e-06
6.216578185558319e-06
6.2142171373125166e-06
6.211851541593205e-06
6.209513230714947e-06
6.207153546711197e-06
6.204811143106781e-06
6.202482836670242e-06
6.200129064382054e-06
6.197801667440217e-06
6.195480182213942e-06
6.1931295931572095e-06
6.190810836415039e-06
6.188454790390097e-06
6.186136943142628e-06
6.1837972680223174e-06
6.18149033471127e-06
6.179163392516784e-06
6.176817805680912e-06
6.1745126913592685e-06
6.1721775637124665e-06
6.169863809191156e-06
6.16756233284832e-06
6.1652522163058165e-06
6.162923000374576e-06
6.160619705042336e-06
6.158289579616394e-06
6.1559881032735575e-06
6.153692538646283e-06
6.151409706944833e-06
6.149102318886435e-06
6.146779014670756e-06
6.144502549432218e-06
6.142191978142364e-06
6.139895958767738e-06
6.137616765045095e-06
6.1353166529443115e-06
6.133029273769353e-06
6.13074007560499e-06
6.128426775831031e-06
6.126161224528914e-06
6.123875209596008e-06
6.121600563346874e-06
6.119293175288476e-06
6.117035354691325e-06
6.114757979958085e-06
6.112473784014583e-06
6.110177309892606e-06
6.107946319389157e-06
6.105687134549953e-06
6.103419309511082e-06
6.101142389525194e-06
6.098870926507516e-06
6.096609922678908e-06
6.094355740060564e-06
6.092103831178974e-06
6.089845101087121e-06
6.087573638069443e-06
6.085324002924608e-06
6.083070729800966e-06
6.080866569391219e-06
6.0785741879954e-06
6.076319095882354e-06
6.074089014873607e-06
6.071853476896649e-06
6.06960702498327e-06
6.067371032258961e-06
6.065124580345582e-06
6.062880856916308e-06
6.060659416107228e-06
6.05841887590941e-06
6.056208803784102e-06
6.053974175301846e-06
6.051739092072239e-06
6.049503554095281e-06
6.047296665201429e-06
6.045086593076121e-06
6.042858331056777e-06
6.040651442162925e-06
6.038441824784968e-06
6.036218564986484e-06
6.033993031451246e-06
6.031789780536201e-06
6.0295765251794364e-06
6.027355084370356e-06
6.025165475875838e-06
6.022969955665758e-06
6.020764885761309e-06
6.018560725351563e-06
6.016349288984202e-06
6.01414240009035e-06
6.011935965943849e-06
6.009746812196681e-06
6.007542197039584e-06
6.005346676829504e-06
6.003156158840284e-06
6.0009588196408e-06
5.998777396598598e-06
5.996583695377922e-06
5.994389084662544e-06
5.9921903812210076e-06
5.9899994084844366e-06
5.98781571170548e-06
5.985637471894734e-06
5.9834655985469e-06
5.981283720757347e-06
5.979080469842302e-06
5.976921329420293e-06
5.9747317209257744e-06
5.9725525716203265e-06
5.970386609988054e-06
5.968225195829291e-06
5.966052412986755e-06
5.963892363070045e-06
5.961743227089755e-06
5.9595554375846405e-06
5.957417215540772e-06
5.955250799161149e-06
5.953108939138474e-06
5.950939339527395e-06
5.9487606449692976e-06
5.946623332420131e-06
5.944469194218982e-06
5.942342340858886e-06
5.94017956245807e-06
5.93805589232943e-06
5.935913577559404e-06
5.933760348852957e-06
5.9316303122614045e-06
5.929501185164554e-06
5.927342044742545e-06
5.925242476223502e-06
5.923080152570037e-06
5.920946477999678e-06
5.918835086049512e-06
5.916682766837766e-06
5.914595931244548e-06
5.912464075663593e-06
5.910330855840584e-06
5.908206276217243e-06
5.906077149120392e-06
5.903966211917577e-06
5.901844815525692e-06
5.899722964386456e-06
5.8976129366783425e-06
5.8954942687705625e-06
5.893381967325695e-06
5.891267392144073e-06
5.889171006856486e-06
5.887065071874531e-06
5.8849605011346284e-06
5.88285274716327e-06
5.880738171981648e-06
5.878637239220552e-06
5.876559043827001e-06
5.874425824003993e-06
5.872342171642231e-06
5.870246695849346e-06
5.868167136213742e-06
5.866073934157612e-06
5.863982551090885e-06
5.861890713276807e-06
5.859827524545835e-06
5.8577002164383885e-06
5.855634753970662e-06
5.853568382008234e-06
5.851456535310717e-06
5.84938561587478e-06
5.847316060680896e-06
5.845226496603573e-06
5.843157396157039e-06
5.84108511247905e-06
5.839004643348744e-06
5.836942364112474e-06
5.834885087097064e-06
5.83280552746146e-06
5.8307227845944e-06
5.828660960105481e-06
5.826618235005299e-06
5.824570962431608e-06
5.822496405016864e-06
5.820459136884892e-06
5.818365480081411e-06
5.816326847707387e-06
5.814285486849258e-06
5.812230483570602e-06
5.810161837871419e-06
5.80813093620236e-06
5.806085027870722e-06
5.804019565402996e-06
5.801992756460095e-06
5.799945029139053e-06
5.797908215754433e-06
5.7958418437920045e-06
5.793808668386191e-06
5.7917682170227636e-06
5.78975050302688e-06
5.787695499748224e-06
5.785662779089762e-06
5.783635970146861e-06
5.781607796961907e-06
5.779575076303445e-06
5.777539627160877e-06
5.775521458417643e-06
5.773520570073742e-06
5.771461928816279e-06
5.769443305325694e-06
5.767415132140741e-06
5.765380592492875e-06
5.76337242819136e-06
5.761339252785547e-06
5.759352461609524e-06
5.757332473876886e-06
5.755311576649547e-06
5.753324330726173e-06
5.751307980972342e-06
5.749283445766196e-06
5.747283921664348e-06
5.745269390899921e-06
5.743257588619599e-06
5.741263976233313e-06
5.739279458794044e-06
5.737238552683266e-06
5.7352654039277695e-06
5.733279976993799e-06
5.731282271881355e-06
5.729275017074542e-06
5.727303687308449e-06
5.725279606849654e-06
5.723305093852105e-06
5.721302386518801e-06
5.719359251088463e-06
5.717343356081983e-06
5.715355655411258e-06
5.713371592719341e-06
5.7113898037641775e-06
5.709404831577558e-06
5.707434866053518e-06
5.705463991034776e-06
5.703489932784578e-06
5.701524059986696e-06
5.699533630831866e-06
5.6975673032866325e-06
5.695581421605311e-06
5.693615548807429e-06
5.691648311767494e-06
5.689668341801735e-06
5.687722932634642e-06
5.685745236405637e-06
5.6837811825971585e-06
5.681829406967154e-06
5.679861260432517e-06
5.6779090300551616e-06
5.675944521499332e-06
5.673993200616678e-06
5.672030965797603e-06
5.670096470566932e-06
5.668133326253155e-06
5.666202923748642e-06
5.6642470553924795e-06
5.662301646225387e-06
5.660355327563593e-06
5.658422196574975e-06
5.656463599734707e-06
5.654551387124229e-06
5.652590061799856e-06
5.650651019095676e-06
5.648725618812023e-06
5.646793397318106e-06
5.644847078656312e-06
5.642879386869026e-06
5.640975814458216e-06
5.6390417739748955e-06
5.63711546419654e-06
5.6351605053350795e-06
5.633245564240497e-06
5.631329713651212e-06
5.629395218420541e-06
5.627470727631589e-06
5.625552148558199e-06
5.623623110295739e-06
5.621732270810753e-06
5.619802323053591e-06
5.6178732847911306e-06
5.615953341475688e-06
5.614039309875807e-06
5.61212755201268e-06
5.610213065665448e-06
5.6083126764860936e-06
5.606401373370318e-06
5.604493708233349e-06
5.6026092352112755e-06
5.600682015938219e-06
5.598802999884356e-06
5.5968898777791765e-06
5.594986760115717e-06
5.593089099420467e-06
5.591196895693429e-06
5.589298325503478e-06
5.587381565419491e-06
5.5854879974504e-06
5.5836080719018355e-06
5.581724963121815e-06
5.57985549676232e-06
5.577921001531649e-06
5.5760579016350675e-06
5.574153874476906e-06
5.572286681854166e-06
5.570387656916864e-06
5.568519554799423e-06
5.566646905208472e-06
5.564773800870171e-06
5.562881142395781e-06
5.561007583310129e-06
5.5591358432138804e-06
5.557262284128228e-06
5.5553823585796636e-06
5.553516984946327e-06
5.551664344238816e-06
5.549752131628338e-06
5.547909950109897e-06
5.546021839109017e-06
5.544154191738926e-06
5.54228881810559e-06
5.540436177398078e-06
5.538570803764742e-06
5.536706339626107e-06
5.534837328013964e-06
5.532982413569698e-06
5.531143415282713e-06
5.52927940589143e-06
5.5274094847845845e-06
5.525569577002898e-06
5.523696017917246e-06
5.5218542911461554e-06
5.519974820344942e-06
5.518134003068553e-06
5.5162904573080596e-06
5.514446002052864e-06
5.512607913260581e-06
5.51073480892228e-06
5.508916274266085e-06
5.507076366484398e-06
5.505231456481852e-06
5.503391548700165e-06
5.501558007381391e-06
5.499717644852353e-06
5.49790001969086e-06
5.4960760280664545e-06
5.494230208569206e-06
5.492382570082555e-06
5.490571766131325e-06
5.488737315317849e-06
5.486921054398408e-06
5.485103883984266e-06
5.483281711349264e-06
5.481451808009297e-06
5.479642368300119e-06
5.477840204548556e-06
5.475987109093694e-06
5.474185400089482e-06
5.472374596138252e-06
5.470547876029741e-06
5.468753442983143e-06
5.466909897222649e-06
5.465096364787314e-06
5.463321031129453e-06
5.461481123347767e-06
5.459694875753485e-06
5.45788680028636e-06
5.456068265630165e-06
5.454260644910391e-06
5.452441200759495e-06
5.450637672765879e-06
5.448850970424246e-06
5.447036073746858e-06
5.445227543532383e-06
5.443439022201346e-06
5.441637313197134e-06
5.439843789645238e-06
5.438021617010236e-06
5.436242645373568e-06
5.43445867151604e-06
5.432633315649582e-06
5.430870260170195e-06
5.429068551165983e-06
5.427259566204157e-06
5.425486961030401e-06
5.423697075457312e-06
5.421923106041504e-06
5.420127308752853e-06
5.418344244390028e-06
5.4165543588169385e-06
5.414791303337552e-06
5.4129977797856554e-06
5.4112069847178645e-06
5.4094366532808635e-06
5.407670869317371e-06
5.4058878049545456e-06
5.404104285844369e-06
5.40234032087028e-06
5.4005249694455415e-06
5.398787379817804e-06
5.397004770202329e-06
5.395229436544469e-06
5.3934795687382575e-06
5.391691956901923e-06
5.389922080212273e-06
5.388159934227588e-06
5.386389148043236e-06
5.384623364079744e-06
5.382866675063269e-06
5.381106348067988e-06
5.379350568546215e-06
5.377565230446635e-06
5.375830369303003e-06
5.374088232201757e-06
5.372328359953826e-06
5.370566668716492e-06
5.368819529394386e-06
5.367081939766649e-06
5.36532797923428e-06
5.363589934859192e-06
5.361820967664244e-06
5.360090653994121e-06
5.3583366934617516e-06
5.356605925044278e-06
5.354869244911242e-06
5.353108917915961e-06
5.351390882424312e-06
5.349658295017434e-06
5.347902515495662e-06
5.3461726565728895e-06
5.344422788766678e-06
5.342677468433976e-06
5.34095579496352e-06
5.33923230250366e-06
5.337471520761028e-06
5.3357643992058e-06
5.334011802915484e-06
5.332295586413238e-06
5.330533440428553e-06
5.328822680894518e-06
5.327081453287974e-06
5.325358415575465e-06
5.323638106347062e-06
5.321905064192833e-06
5.320187028701184e-06
5.318454896041658e-06
5.316743681760272e-06
5.315032467478886e-06
5.31332625541836e-06
5.311591849022079e-06
5.309861535351956e-06
5.308164418238448e-06
5.306423190631904e-06
5.304740170686273e-06
5.303034868120449e-06
5.3013172873761505e-06
5.299601525621256e-06
5.297896223055432e-06
5.2961945584684145e-06
5.294470611261204e-06
5.2927821343473624e-06
5.291089109960012e-06
5.289372438710416e-06
5.287685780785978e-06
5.285971838020487e-06
5.284274266159628e-06
5.282559413899435e-06
5.280895948089892e-06
5.279182914819103e-06
5.2775135372939985e-06
5.2757991397811566e-06
5.274102477414999e-06
5.272448106552474e-06
5.2707446229760535e-06
5.269057055556914e-06
5.267382221063599e-06
5.2656700972875115e-06
5.263988896331284e-06
5.262334070721408e-06
5.260634225123795e-06
5.258946657704655e-06
5.257268639979884e-06
5.2556042646756396e-06
5.253923063719412e-06
5.252198661764851e-06
5.250542471912922e-06
5.2488799155980814e-06
5.247186891210731e-06
5.245541615295224e-06
5.243850409897277e-06
5.242171937425155e-06
5.240503014647402e-06
5.238812263996806e-06
5.237157893134281e-06
5.2354780564201064e-06
5.233809588389704e-06
5.232132934906986e-06
5.230472652328899e-06
5.228822828939883e-06
5.227167548582656e-06
5.2254686124797445e-06
5.223820153332781e-06
5.2221403166186064e-06
5.220489128987538e-06
5.2188238441885915e-06
5.217180387262488e-06
5.215508281253278e-06
5.213863005337771e-06
5.212181349634193e-06
5.210546532907756e-06
5.20886578669888e-06
5.2072282414883375e-06
5.205585239309585e-06
5.203939053899376e-06
5.202291958994465e-06
5.200660780246835e-06
5.19899094797438e-06
5.197357040742645e-06
5.195692665438401e-06
5.194085133553017e-06
5.192439402890159e-06
5.190780484554125e-06
5.189167950447882e-06
5.187500846659532e-06
5.185881036595674e-06
5.184240762901027e-06
5.182606400921941e-06
5.180980679142522e-06
5.179340860195225e-06
5.177704679226736e-06
5.176079866942018e-06
5.174447778699687e-06
5.17281796419411e-06
5.171182237972971e-06
5.169567884877324e-06
5.1679562602657825e-06
5.1663341764651705e-06
5.164714821148664e-06
5.163075456948718e-06
5.161462013347773e-06
5.159850843483582e-06
5.1582032938313205e-06
5.156592578714481e-06
5.154993232281413e-06
5.153357960807625e-06
5.1517586143745575e-06
5.15013380208984e-06
5.148513992025983e-06
5.146907824382652e-06
5.145289378560847e-06
5.1436841204122175e-06
5.142077043274185e-06
5.140466782904696e-06
5.13885834152461e-06
5.137261723575648e-06
5.1356655603740364e-06
5.134028015163494e-06
5.132439582666848e-06
5.1308265938132536e-06
5.12921405970701e-06
5.127626081957715e-06
5.1260203690617345e-06
5.124411018186947e-06
5.122811217006529e-06
5.121194590174127e-06
5.119609340908937e-06
5.118017270433484e-06
5.116412467032205e-06
5.11481948706205e-06
5.113222869113088e-06
5.11162852490088e-06
5.110050096845953e-06
5.108438926981762e-06
5.106860498926835e-06
5.1052647904725745e-06
5.103671810502419e-06
5.10208701598458e-06
5.10049676449853e-06
5.0989206101803575e-06
5.097345820104238e-06
5.09572100781952e-06
5.0941202971444e-06
5.09256597069907e-06
5.090998911327915e-06
5.08943685417762e-06
5.087855697638588e-06
5.086249075247906e-06
5.084687927592313e-06
5.083112682768842e-06
5.0815456233976875e-06
5.079979018773884e-06
5.078390586277237e-06
5.076833076600451e-06
5.075250101072015e-06
5.0736712182697374e-06
5.072110525361495e-06
5.070545739727095e-06
5.068970949650975e-06
5.067420715931803e-06
5.065866389486473e-06
5.0642706810322125e-06
5.062731361249462e-06
5.061174761067377e-06
5.059598606749205e-06
5.05803654959891e-06
5.056474492448615e-06
5.054940174886724e-06
5.053354016126832e-06
5.051810603617923e-06
5.050243544246769e-06
5.048734237789176e-06
5.0471517170080915e-06
5.045598300057463e-06
5.044022145739291e-06
5.0424814617144875e-06
5.040926225774456e-06
5.039390543970512e-06
5.037835762777831e-06
5.036288712290116e-06
5.034739842812996e-06
5.033188699599123e-06
5.031648925069021e-06
5.030100510339253e-06
5.028553459851537e-06
5.027022325521102e-06
5.025495738664176e-06
5.023944140702952e-06
5.0224066399096046e-06
5.02086550113745e-06
5.019323452870594e-06
5.017774128646124e-06
5.016245268052444e-06
5.014722773921676e-06
5.0131707212131005e-06
5.011643224861473e-06
5.010124368709512e-06
5.00858959640027e-06
5.0070702855009586e-06
5.005539151170524e-06
5.004020295018563e-06
5.002499619877199e-06
5.0009625738312025e-06
4.999447355658049e-06
4.997928954253439e-06
4.996375537302811e-06
4.994871687813429e-06
4.993337824998889e-06
4.991820333088981e-06
4.990306024410529e-06
4.988799446437042e-06
4.987271040590713e-06
4.985759460396366e-06
4.984255610906985e-06
4.982728569302708e-06
4.981215170118958e-06
4.979684945283225e-06
4.978159722668352e-06
4.976666787115391e-06
4.975148840458132e-06
4.973643626726698e-06
4.972149781679036e-06
4.970629561285023e-06
4.969102519680746e-06
4.96761185786454e-06
4.966092546965228e-06
4.96458005727618e-06
4.9630721150606405e-06
4.961532340530539e-06
4.960069873050088e-06
4.958568297297461e-06
4.957063083566027e-06
4.955548320140224e-06
4.954034920956474e-06
4.952556537318742e-06
4.951051323587308e-06
4.949549747834681e-06
4.948066361976089e-06
4.946547505824128e-06
4.945047749060905e-06
4.9435702749178745e-06
4.9420764298702125e-06
4.940592134516919e-06
4.939090558764292e-06
4.937615358358016e-06
4.936105142405722e-06
4.934606749884551e-06
4.9331206355418544e-06
4.931637249683263e-06
4.930162958771689e-06
4.928670023218729e-06
4.927177542413119e-06
4.925699613522738e-06
4.924205313727725e-06
4.922717835142976e-06
4.9212403609999456e-06
4.9197665248357225e-06
4.918274953524815e-06
4.916788384434767e-06
4.915317731502e-06
4.913840712106321e-06
4.91235778099508e-06
4.910876214125892e-06
4.90940283270902e-06
4.907922175334534e-06
4.906436515739188e-06
4.90496040583821e-06
4.903504304820672e-06
4.902025466435589e-06
4.900557996734278e-06
4.89908643430681e-06
4.897603048448218e-06
4.896166956314119e-06
4.894685844192281e-06
4.893228833680041e-06
4.89174044560059e-06
4.890290711045964e-06
4.888838702754583e-06
4.887383965979097e-06
4.885915586783085e-06
4.884446752839722e-06
4.8829815568751656e-06
4.881541826762259e-06
4.88007026433479e-06
4.878606887359638e-06
4.877153514826205e-06
4.875690137851052e-06
4.8742303988547064e-06
4.872787485510344e-06
4.871321380051086e-06
4.869879830948776e-06
4.8684064495319035e-06
4.8669726311345585e-06
4.865532446274301e-06
4.864075890509412e-06
4.862625246460084e-06
4.8611727834213525e-06
4.85971440866706e-06
4.858271040575346e-06
4.856819941778667e-06
4.855371116718743e-06
4.853919563174713e-06
4.852485744777368e-06
4.851029189012479e-06
4.849595370615134e-06
4.848158823733684e-06
4.846716365136672e-06
4.845280727749923e-06
4.8438378144055605e-06
4.842390353587689e-06
4.840963356400607e-06
4.839502253162209e-06
4.8380784392065834e-06
4.836648713535396e-06
4.835217623622157e-06
4.833779712498654e-06
4.832348167838063e-06
4.830903890251648e-06
4.829467343370197e-06
4.828031705983449e-06
4.826603344554314e-06
4.825187716051005e-06
4.823772997042397e-06
4.822324626729824e-06
4.820911726710619e-06
4.819466539629502e-06
4.8180518206208944e-06
4.816622549697058e-06
4.815186457562959e-06
4.813761279365281e-06
4.812346105609322e-06
4.81090864923317e-06
4.8095039346662816e-06
4.808075573237147e-06
4.8066481213027146e-06
