0.0014550423414524023
0.0017220074926929858
0.0023795792173283794
0.0029369936479876437
0.0025871763161073127
0.0034016659216528447
0.004258897233133514
0.0037853376901087663
0.004240484461964418
0.003624090226367116
0.004894089186564088
0.00456358309990416
0.004684706043917686
0.0050842367636505514
0.005523895611986518
0.0063097188249230385
0.005595127877313644
0.007026828437422712
0.005402507435064763
0.008720321755390614
0.007096317480318248
0.008525812435739985
0.00741170557254615
0.007582629468136777
0.009210833076698085
0.007231195888986501
0.00924426328856498
0.006915275279122095
0.009855592274107039
0.0077590667448627455
0.010031154553871602
0.009067620907444507
0.009582263650372624
0.010808636085130274
0.008593939933537817
0.01189842022722587
0.0078038733918219805
0.013077005782785514
0.008532046728457013
0.012689530985274663
0.011565132881514728
0.012652864485668639
0.013672234272235073
0.01134992070728913
0.014924186611703286
0.010309548582881689
0.016451572339671355
0.01074734189993857
0.016351121458380174
0.014581714329930643
