0.22532532
-0.077815354
0.2687827
-0.033758134
0.2924948
0.06734365
0.023007946
-0.07317408
-0.06857605
2.889237e-05
0.39394087
-0.054171003
0.3430613
-0.0047672642
0.14476505
0.02358625
0.20812374
-0.14828409
-7.8360375e-05
-0.0999507
0.3782107
0.063710175
0.28667077
0.033622123
0.2006259
-0.053106766
0.38183466
-0.15182431
0.1704013
-0.17020519
0.20426844
0.07147535
0.20315665
0.008288722
0.3584245
-0.052457854
0.5044546
0.019380644
0.31022385
-0.20537993
0.10513294
-0.012690951
0.25108445
-0.0313038
0.3753047
0.042897366
0.3598433
0.16512436
0.45309195
-0.14178686
0.25040954
-0.0808169
0.3374836
-0.013800969
0.2225954
0.060184747
0.18882719
0.14796263
0.5025149
0.0934964
0.4070935
-0.038010634
0.30360925
0.030885365
0.1340837
-0.011717337
0.00897252
0.06979721
0.36096185
0.21559906
0.3531312
0.07128766
0.21186644
0.016016474
0.26767698
-0.067420416
-0.007480385
-0.052198905
0.25780982
0.21777262
0.17756931
0.059362385
0.23457526
-0.026754914
0.39664164
-0.016771965
0.15975253
-0.13842346
0.12682512
0.16725057
0.12426797
-0.02960216
0.32737795
-0.021590931
0.31697756
0.06440068
0.33448058
-0.16999137
-0.029925467
0.09751662
0.28784883
-0.08054839
0.318676
0.025943186
0.16128162
0.03468629
0.49125665
-0.055904128
-0.09178023
0.013929008
0.4169667
-0.009835573
0.22453518
0.022827651
0.17968898
-0.044205677
0.4061211
0.1338679
-0.0634399
-0.06815487
0.31351975
0.078101195
0.2200438
-0.020712845
0.33832178
-0.05954697
0.23052482
0.14847533
0.06870366
-0.14566424
0.14267498
0.04092555
0.31399176
-0.027777027
0.3882814
0.03069949
0.04059435
0.07774486
0.2171151
-0.20530589
0.15814126
-0.049364023
0.3311055
0.019202739
0.24525581
0.06498562
0.0066120145
-0.045550384
0.31944114
-0.2265115
0.33211228
-0.07535951
0.23980361
0.028436165
0.13069445
0.00030978548
0.1769965
-0.13220868
0.44210008
-0.16751143
0.41370383
0.023485463
0.2084959
-0.013572576
0.24406879
-0.06479306
0.35898688
-0.15173815
0.527708
0.069607735
0.27007464
0.0811958
0.29822767
-0.032048244
0.38771152
-0.03139043
0.49773416
-0.004969083
0.39420545
0.2296075
0.11391062
0.021706479
0.3398744
0.010951767
0.33942094
0.059233427
0.36519954
0.14855006
0.3395547
0.27460542
0.19022976
-0.06544039
0.2567942
0.032369748
0.18073453
0.04469558
0.1830596
0.13280001
0.35767055
0.31212503
0.36559573
-0.068093784
0.20144455
-0.00561102
0.16033836
-0.03414116
0.010078673
0.047501147
0.52021796
0.4387681
0.40151513
0.046187222
0.2808607
-0.03396436
0.3157588
-0.06461241
0.040694002
-0.07615224
1.6828077
1.1144788
0.23845106
0.07984205
0.3437029
0.001650183
0.39696676
0.015950955
0.23073928
-0.14715499
nan
nan
0.10159753
0.0068864645
0.2746793
0.034011316
0.2689302
0.06748747
0.4070995
-0.13178661
nan
nan
0.21353652
-0.07474083
0.2003453
0.0027462635
0.13445644
0.012336126
0.48902738
0.057859257
nan
nan
0.38565892
-0.060022
0.26290786
-0.033222895
0.22144668
-0.059875347
0.33124575
0.16865118
nan
nan
0.38775268
0.058753733
0.34181222
-0.007828154
0.37452817
-0.043454926
0.15445222
0.13514666
nan
nan
0.21633758
0.07558567
0.29237723
0.0329975
0.359381
0.052029908
-0.008962698
0.04655173
nan
nan
0.10092533
-0.005191194
0.2054712
0.010904514
0.20173647
0.053522743
0.018460026
-0.07536214
nan
nan
0.23510115
-0.07943604
0.24550365
-0.0300125
0.14404838
-0.022988167
0.20205343
-0.15065317
nan
nan
0.3997331
-0.04834208
0.33460593
-0.016513636
0.2912052
-0.06742058
0.37292528
-0.15966453
nan
nan
0.36895755
0.06707331
0.30878922
0.02948604
0.39999044
-0.0008886163
0.5070628
0.0018893825
nan
nan
0.19382684
0.06707509
0.21565925
0.018361863
0.29378343
0.06725852
0.3708451
0.16098252
nan
nan
0.11134119
-0.019406265
0.22955632
-0.024915244
0.14549825
0.024182081
0.20029971
0.15069191
nan
nan
0.26497346
-0.081215434
0.3233014
-0.023807216
0.19951856
-0.052685708
0.017156294
0.07515549
nan
nan
0.41228738
-0.027337078
0.32308066
0.02391764
0.35745955
-0.052878745
-0.009840391
-0.046616316
nan
nan
0.33754933
0.074416876
0.22930151
0.0248156
0.37606987
0.042332713
0.15313433
-0.13528769
nan
nan
0.16296522
0.051902905
0.21586691
-0.018480994
0.22374515
0.060487337
0.32959473
-0.16951308
nan
nan
0.13794619
-0.038205124
0.3090525
-0.029407214
0.13373186
-0.011098833
0.48791257
-0.061045952
nan
nan
0.30738986
-0.078836344
0.33444402
0.016650574
0.26642913
-0.06734583
0.41012532
0.13065243
nan
nan
0.41746458
0.0051972847
0.24521774
0.02993974
0.39630172
-0.017585367
0.23445754
0.14862786
nan
nan
0.29385027
0.08013011
0.20560677
-0.011038411
0.31818816
0.06418316
0.04384764
0.07879743
nan
nan
0.12822905
0.032242928
0.29267022
-0.032957602
0.16223097
0.03522718
0.0071637155
-0.044333734
nan
nan
0.17318925
-0.057165302
0.3417314
0.007985047
0.17864998
-0.043713696
0.17702985
-0.13135338
nan
nan
0.34859273
-0.07227641
0.26260412
0.033187788
0.3372185
-0.059854362
0.359598
-0.1505964
nan
nan
0.40878782
0.03495601
0.20038171
-0.0028884013
0.38883856
0.030003365
0.49727285
-0.0030975807
nan
nan
0.25466323
0.08101008
0.27498513
-0.034016717
0.24644272
0.06517155
0.36349496
0.14861812
nan
nan
0.106757745
0.01468184
0.34371963
-0.0014874958
0.13071378
0.0009277983
0.18085277
0.13174222
nan
nan
0.20116527
-0.07023295
0.2805569
0.03397439
0.2428875
-0.06459486
0.009305123
0.04559475
nan
nan
0.37554643
-0.06478341
0.20137277
0.0054706363
0.38713214
-0.03207258
0.04381528
-0.07777357
nan
nan
0.39577353
0.0525077
0.2570936
-0.032418612
0.34051067
0.058915492
0.23450221
-0.14778662
nan
nan
0.228253
0.07837904
0.33998436
-0.010800552
0.1817814
0.04518126
0.41062942
-0.12940209
nan
nan
0.100091755
0.001599504
0.29794344
0.032101862
0.15940505
-0.033594478
0.48651
0.062069617
nan
nan
0.22247845
-0.077190734
0.20833345
0.013443221
0.31453744
-0.06481785
0.3275869
0.16856462
nan
nan
0.3920713
-0.055708785
0.24008
-0.028518852
0.39727613
0.015125836
0.14979541
0.13316548
nan
nan
0.38069138
0.06260609
0.33128893
-0.019074379
0.27018404
0.06754704
-0.010488445
0.04293534
nan
nan
0.20724922
0.07260142
0.31374165
0.027866816
0.13484809
0.012953148
0.023680625
-0.07862431
nan
nan
0.10377704
-0.01079664
0.21981885
0.020599946
0.22030225
-0.059560504
0.20881747
-0.1523256
nan
nan
0.24642973
-0.08056751
0.22477578
-0.022934068
0.37374297
-0.04400421
0.37934193
-0.15701267
nan
nan
0.40537116
-0.04080577
0.31891173
-0.02584288
0.36032662
0.051596142
0.5074364
0.011733712
nan
nan
0.35734028
0.0702966
0.327175
0.021710265
0.20284718
0.053932704
0.36652622
0.16524462
nan
nan
0.18173565
0.06141114
0.23430936
0.02666332
0.14334968
-0.022389395
0.19816044
0.15266007
nan
nan
0.120661624
-0.027044378
0.21205279
-0.016140811
0.28991807
-0.0674895
0.015648242
0.077523366
nan
nan
0.28205624
-0.08085689
0.30388328
-0.030818801
0.39996257
-0.0017747642
-0.016055565
-0.04310133
nan
nan
0.4161939
-0.0143083045
0.3373468
0.013945314
0.29506788
0.0671659
0.14112249
-0.1338431
nan
nan
0.3195097
0.07729936
0.2507916
0.031242661
0.14624488
0.024774233
0.31691897
-0.17358772
nan
nan
0.14747919
0.04360821
0.20326121
-0.008425932
0.19841668
-0.052261002
0.47786883
-0.08209271
nan
nan
0.1532949
-0.046775404
0.2869692
-0.03359711
0.3564885
-0.053292226
0.43153343
0.12172288
nan
nan
0.32649055
-0.07626636
0.34301227
0.0049274256
0.37682304
0.04176244
0.26113445
0.15953453
nan
nan
0.41495445
0.019433606
0.2684779
0.03373781
0.22489397
0.06078327
0.07073341
0.098209724
nan
nan
0.27538803
0.08109561
0.19999973
-0.0001421693
0.13339992
-0.010481438
-0.011277896
-0.017930474
nan
nan
0.11678353
0.024083255
0.26908723
-0.033778746
0.26518765
-0.0672645
0.12522107
-0.119064495
nan
nan
0.18647702
-0.063687086
0.34311047
-0.0046073934
0.39594847
-0.01839096
0.3107084
-0.16307779
nan
nan
0.36200276
-0.06909998
0.2863732
0.033647314
0.31939077
0.063960694
0.47445065
-0.07379239
nan
nan
0.40327728
0.04386107
0.20305207
0.008151996
0.1631851
0.03576424
0.42009386
0.11918045
nan
nan
0.24195908
0.08020049
0.2513759
-0.031364925
0.17761667
-0.043219928
0.24319208
0.14611532
nan
nan
0.10246119
0.0086259805
0.33761993
-0.013657397
0.3361111
-0.060156364
0.050972603
0.077815816
nan
nan
0.210713
-0.073820904
0.30333665
0.030951552
0.3893841
0.02930183
0.0151409125
-0.04552729
nan
nan
0.3834735
-0.061226673
0.21168144
0.015892988
0.24763049
0.06535164
0.18894236
-0.13054296
nan
nan
0.3897566
0.05742009
0.23483948
-0.026845764
0.13075072
0.0015450289
0.37284654
-0.14153737
nan
nan
0.21911956
0.07635596
0.3275794
-0.021472115
0.24170983
-0.06439142
0.49438217
0.01927031
nan
nan
0.10043842
-0.0035412824
0.31844148
0.026042761
0.38654277
-0.032747608
0.34786242
0.15360956
nan
nan
0.23191053
-0.07898509
0.22429629
0.022721859
0.34159315
0.058592837
0.16389208
0.12742385
nan
nan
0.39794302
-0.050326727
0.22026755
-0.020824881
0.18283083
0.045663666
0.0020828692
0.036305513
nan
nan
0.37208185
0.06604252
0.31423968
-0.02768759
0.15848027
-0.033045396
0.05403561
-0.08517409
nan
nan
0.19725402
0.06858333
0.33092314
0.01932999
0.31331173
-0.06501728
0.24582289
-0.1517171
nan
nan
0.109081455
-0.017201636
0.23952928
0.02835396
0.3975704
0.0142957
0.4200902
-0.124845974
nan
nan
0.2601301
-0.08116191
0.20865762
-0.013700852
0.27144054
0.067599595
0.48144948
0.07186188
nan
nan
0.4107496
-0.030948367
0.29850963
-0.0319947
0.13525853
0.013569527
0.32071233
0.16972429
nan
nan
0.3427349
0.07345304
0.33976465
0.0111016985
0.21915942
-0.059240058
0.14231822
0.13113415
nan
nan
0.16769291
0.054357175
0.25649756
0.03232122
0.37294793
-0.04454684
-0.013417705
0.03891059
nan
nan
0.13338794
-0.035482954
0.20151608
-0.0057500927
0.36126417
0.051156033
0.0276265
-0.08192602
nan
nan
0.3012182
-0.07948436
0.28116152
-0.03395432
0.20396067
0.05433829
0.21356729
-0.1542753
nan
nan
0.41765583
0.00047863182
0.343686
0.0018112753
0.1426661
-0.021788271
0.38318828
-0.1561524
nan
nan
0.29997224
0.07960355
0.27437627
0.0340058
0.28862935
-0.06755093
0.5079055
0.016748995
nan
nan
0.13249342
0.03493467
0.20030983
0.0026055395
0.3999166
-0.0026612869
0.3650695
0.16798115
nan
nan
0.16863278
-0.05484105
0.26320845
-0.033257477
0.29635283
0.067065686
0.19875498
0.15491775
nan
nan
0.3437496
-0.07325639
0.34189147
-0.007672945
0.14700732
0.02536525
0.01630641
0.080659665
nan
nan
0.4104273
0.03164798
0.2920875
0.03303668
0.19731514
-0.05183104
-0.021521367
-0.038748678
nan
nan
0.2591836
0.08114289
0.20533788
0.010772101
0.3555074
-0.053700346
0.12911595
-0.1317556
nan
nan
0.10866136
0.01676812
0.24578604
-0.030084213
0.37756795
0.041184247
0.3048184
-0.1762963
nan
nan
