0.1734445
-0.07304061
0.23431002
-0.028291669
0.31798175
0.096184544
-0.0036665471
-0.04391799
-0.056166805
0.030650008
0.30609268
-0.08621944
0.29141122
-0.02091702
0.17962784
0.08814947
0.094016194
-0.122703195
-0.053525288
-0.037171833
0.38639727
-0.0027743203
0.2975695
0.01566024
0.08370376
0.015973967
0.22198465
-0.16927856
0.008637981
-0.10636806
0.31184044
0.08450238
0.24451506
0.030120134
0.1352293
-0.06908664
0.3415761
-0.16212834
0.116800606
-0.16476622
0.17938356
0.07518654
0.20109554
0.0059921085
0.2718685
-0.10368686
0.45072457
-0.04126082
0.21324031
-0.20397973
0.10030279
0.0040007154
0.22477652
-0.025385441
0.38709906
-0.044048894
0.39052746
0.12856908
0.2932053
-0.21171618
0.16782488
-0.07068246
0.2836872
-0.025197558
0.35920042
0.07418446
0.26728144
0.17124012
0.39270982
-0.16248143
0.30036527
-0.08750567
0.30186445
0.009655093
0.22857666
0.09973684
0.14068377
0.13976146
0.4751937
0.014479905
0.3858042
-0.008101347
0.2549842
0.030763976
0.10422485
0.045776565
0.021765422
0.07051198
0.37956566
0.17522809
0.3171906
0.08248751
0.2043413
0.01175152
0.10201824
-0.043546665
-0.007495801
-0.02357196
0.2860421
0.21587382
0.18519363
0.07697775
0.21632473
-0.021522293
0.22471657
-0.09906857
0.07384415
-0.10862954
0.21025902
0.20612378
0.10114257
0.0077087455
0.27472788
-0.028327087
0.35626987
-0.07637153
0.20408009
-0.1613236
0.116510496
0.16697401
0.16290934
-0.06830111
0.30405626
0.0031772868
0.38894394
0.040939502
0.3265202
-0.16385499
0.009412123
0.10960549
0.2950781
-0.08832328
0.26531884
0.030141078
0.2755878
0.10362671
0.44172314
-0.059619404
-0.054760404
0.042424478
0.38476172
-0.012808265
0.20960668
0.017055815
0.13840479
0.07088793
0.401338
0.11515268
-0.06265972
-0.022143712
0.32179523
0.0803794
0.20934384
-0.016841818
0.082848415
-0.013435255
0.27693376
0.16791826
-0.017051365
-0.0890336
0.19044141
0.07833699
0.26488635
-0.030194126
0.17575027
-0.086903594
0.14878306
0.13981546
0.08256781
-0.15081866
0.102338575
0.010880208
0.30400804
-0.0034588475
0.3143447
-0.0973666
0.027480323
0.07139859
0.18420537
-0.1966058
0.15896179
-0.066096336
0.27513027
0.028219026
0.39990792
-0.003819557
-0.0031795478
-0.023589073
0.26257643
-0.2167547
0.29058325
-0.08871784
0.2166576
0.021704793
0.32158875
0.09490194
0.08030677
-0.10887511
0.34653896
-0.19614115
0.3834982
-0.016612194
0.20416036
-0.011513756
0.1835359
0.089345135
0.21205781
-0.16008209
0.45610052
-0.08149359
0.32542032
0.07839986
0.25453767
-0.030761983
0.08469765
0.018496834
0.33670408
-0.15709227
0.42916197
0.12205109
0.19478114
0.07924483
0.30172285
-0.00992297
0.132131
-0.06724325
0.44649827
-0.040372312
0.31974453
0.20288754
0.103667304
0.013346695
0.28404424
0.025037427
0.2681482
-0.10366755
0.38683718
0.12484937
0.23512802
0.20725806
0.15612306
-0.0642413
0.22516397
0.025529748
0.3851452
-0.04707079
0.2606639
0.16421825
0.14231889
0.17434795
0.2871339
-0.0887756
0.2010046
-0.0057396432
0.36205307
0.0719324
0.1290082
0.12879737
0.031266034
0.119153075
0.38225064
-0.019353712
0.24407162
-0.030065516
0.2324138
0.10035747
0.016828176
0.05398898
-0.04415839
0.04958039
0.3279409
0.07674209
0.2973428
-0.01590145
0.10651242
0.047972508
0.009724068
-0.04321908
-0.05620478
-0.020838128
0.19797817
0.079718076
0.29170787
0.020711154
0.099902384
-0.041290686
0.113432124
-0.12203938
-0.0069917836
-0.09196675
0.1049235
0.015012283
0.23473464
0.028392281
0.22084665
-0.098355606
0.24600382
-0.16294234
0.09775753
-0.154042
0.1544419
-0.0628628
0.20000237
0.00025727425
0.35327232
-0.07848612
0.37241015
-0.13554099
0.20050482
-0.19745465
0.28488463
-0.08858536
0.2338867
-0.028188717
0.3906679
0.037752535
0.4506402
0.018400514
0.28408352
-0.21040744
0.38120824
-0.020969307
0.29111114
-0.02112096
0.27929568
0.103483535
0.3499802
0.1500982
0.38236123
-0.1690681
0.32931173
0.07554411
0.29779276
0.01541746
0.14164668
0.07264027
0.2245425
0.16142431
0.47410345
-0.0041324818
0.19990115
0.07978689
0.24495928
0.030172424
0.08213796
-0.010890857
0.09217161
0.11370836
0.3861836
0.16545954
0.10595811
0.015835632
0.201191
0.0062442594
0.17192166
-0.08561114
0.001055771
0.030492563
0.28630698
0.20932753
0.15391545
-0.062037267
0.22439095
-0.025239108
0.31069428
-0.09844286
0.023795005
-0.06552316
0.2017352
0.19706139
0.2839115
-0.08821356
0.2833276
-0.025355598
0.39963388
-0.007613949
0.14257196
-0.13607131
0.09845737
0.15373121
0.38049054
-0.021450417
0.30200213
0.00938614
0.32514933
0.09352641
0.27212116
-0.16649495
-0.006601363
0.09141474
0.32953092
0.07488459
0.2554308
0.030763587
0.18745546
0.0904882
0.39721176
-0.11766662
-0.05545306
0.019675393
0.20049366
0.079478815
0.20452642
0.011988703
0.08582076
0.020994388
0.4429437
0.054465264
-0.04193176
-0.051579703
0.106689185
0.015808476
0.21599439
-0.02133798
0.12911797
-0.06536507
0.32890078
0.1618008
0.035942543
-0.12128096
0.15452272
-0.061797764
0.27432308
-0.028432973
0.26443556
-0.10357414
0.20553665
0.16042422
0.14740928
-0.1758714
0.28423467
-0.08769489
0.30410028
0.0028948584
0.3830941
-0.049999792
0.074734256
0.107813366
0.23996675
-0.20733696
0.3801421
-0.020814009
0.26575103
0.03008547
0.36482015
0.069621235
-0.0061687683
0.022288527
0.3264122
-0.19979136
0.32861558
0.07478744
0.2098733
0.01726891
0.23621954
0.10092838
0.02519066
-0.07203194
0.43719363
-0.11004928
0.19975354
0.07881196
0.20908388
-0.016626293
0.10887322
0.050129198
0.14568995
-0.1405097
0.4476871
0.094544314
0.107099
0.014943506
0.26445228
-0.030244851
0.09788419
-0.039014556
0.27274725
-0.16999923
0.33693558
0.19740088
0.15623644
-0.06214098
0.3039555
-0.0037406129
0.21697669
-0.097600594
0.3965435
-0.12189609
0.2510391
0.211354
0.28582996
-0.0870339
0.27553153
0.02810821
0.3502175
-0.08052288
0.4466174
0.051301822
0.16424505
0.18484761
0.38014263
-0.019090783
0.21699369
0.021885734
0.39226034
0.03449699
0.334138
0.16373856
0.055332612
0.13389581
0.32659456
0.07523109
0.20398338
-0.011274925
0.28298277
0.10325374
0.2136348
0.16612017
-0.033337317
0.06716863
0.1977215
0.077797696
0.25409082
-0.03075745
0.14494418
0.07433737
0.08457088
0.116758816
-0.060393337
-0.0024322614
0.10722338
0.013272104
0.30157718
-0.0101899365
0.08157712
-0.008350894
-0.006331283
0.035245154
-0.029039567
-0.07219188
0.15901868
-0.06303255
0.28439885
0.024875095
0.16815951
-0.08427612
0.008101285
-0.058903642
0.063282326
-0.13807593
0.2886272
-0.08621278
0.22555335
0.025672222
0.30704737
-0.0994094
0.11825794
-0.13265558
0.17119294
-0.18769746
0.3804125
-0.016333286
0.20091759
-0.0054868413
0.39918354
-0.01135806
0.24522673
-0.17194755
0.25671202
-0.21193798
0.3235194
0.07615164
0.24362886
-0.030008737
0.32864687
0.09206715
0.36647138
-0.14826691
0.3441313
-0.1940053
0.19448937
0.07644791
0.29711285
-0.016141089
0.19136713
0.09157652
0.45682573
0.0006789714
0.45447156
-0.08121948
0.107141376
0.010853453
0.29200146
0.020503778
0.08706227
0.023457224
0.3656932
0.14881514
0.42808262
0.120610066
0.16279995
-0.064406954
0.23515992
0.028490908
0.12619808
-0.0634601
0.24452966
0.17194124
0.31742415
0.20023622
0.29249832
-0.08520307
0.20000853
0.0005142374
0.26073995
-0.10341246
0.11755305
0.13242325
0.22882065
0.20208438
0.38082707
-0.012635641
0.23346527
-0.02808399
0.38095886
-0.052830733
0.007704005
0.05853843
0.12977907
0.16587514
0.31948537
0.07744839
0.29080895
-0.02132269
0.3674944
0.06725827
-0.0062804874
-0.03559729
0.017937744
0.10740635
0.19021417
0.074787535
0.29801217
0.015173807
0.23998483
0.10144819
0.08488863
-0.11700061
-0.047245797
0.034687355
0.106958486
0.0077886526
0.24540302
0.030222524
0.11129769
0.052241772
0.21390194
-0.16626434
-0.045330815
-0.039073136
0.16744962
-0.066167675
0.2012898
0.0064954613
0.09596895
-0.0367247
0.33434284
-0.16374533
0.023864806
-0.11138761
0.2972413
-0.083982944
0.22400808
-0.025091533
0.21311653
-0.096806556
0.44674668
-0.0510895
0.13631517
-0.16875608
0.38123655
-0.008159012
0.2829667
-0.025511257
0.34711474
-0.08247775
0.3964337
0.12207421
0.2339784
-0.2032384
0.31465888
0.07899105
0.3021361
0.009117091
0.39371443
0.031182703
0.2726658
0.17007428
0.32313076
-0.1984101
0.18513493
0.07286808
0.25587612
0.030761216
0.28664315
0.10293698
0.14565562
0.14056541
0.4345653
-0.11164289
0.10678417
0.0042344527
0.20471402
0.012224584
0.1482887
0.07597738
0.025159271
0.0721061
0.44828382
0.09144321
0.17274989
-0.068189785
0.21566698
-0.021152917
0.08116497
-0.00582115
-0.006293834
-0.022182567
0.33705148
0.19538233
0.3025722
-0.082557365
0.2739178
-0.028536616
0.16447192
-0.08290174
0.074455045
-0.10773077
0.24875925
0.20863134
0.38149974
-0.0031498624
0.30414054
0.0026128348
0.3034121
-0.1002679
0.20521969
-0.16041346
0.15830341
0.18040983
0.30929387
0.080633715
0.26618144
0.030027842
0.39856577
-0.015038195
0.32853794
-0.16198993
0.047267582
0.12771234
0.17957339
0.07077545
0.2101424
0.017480504
0.33207506
0.09053135
0.44274595
-0.055090666
-0.036871538
0.05896952
0.106704995
0.00040351937
0.2088276
-0.016410049
0.19526124
0.092611715
0.39767668
0.11731636
-0.05667258
-0.012520307
0.17839287
-0.07032994
0.2640181
-0.03029324
0.08841274
0.025882639
0.27263728
0.16658565
-0.014346714
-0.08438323
0.30814242
-0.08097404
0.30389923
-0.004021601
0.12337043
-0.06153176
0.14318994
0.13639532
0.08730192
-0.14832592
0.38152626
0.0020721362
0.27593088
0.027995627
0.25706083
-0.10318861
0.024153175
0.066040225
0.19286
-0.19388907
0.30372062
0.082239196
0.21733136
0.02206532
0.3787467
-0.055567205
0.0007133443
-0.029903512
0.2782057
-0.20986395
0.17390451
0.06862898
0.20380947
-0.011035753
0.3700765
0.064844325
0.09121343
-0.11330604
0.3753058
-0.17354009
0.10675799
-0.0034543087
0.25364414
-0.030751145
0.24371141
0.101917125
0.2235577
-0.161313
0.47247416
-0.017387945
0.18400869
-0.07244446
0.30142832
-0.010456046
0.113782786
0.054311216
0.34894753
-0.15066607
0.39165384
0.15839931
0.31358
-0.07932833
0.28475153
0.024711093
0.09415645
-0.034421578
0.45041707
-0.020097757
0.2881558
0.20567185
0.3813069
0.0071538864
0.2259444
0.02581334
0.20926553
-0.09597474
0.3734737
0.13476014
0.19924064
0.19295888
0.2983096
0.08370292
0.20083383
-0.0052335947
0.34396574
-0.08435239
0.24704474
0.16299579
0.092038505
0.14804973
0.16850479
0.06657003
0.2431862
-0.029950127
0.39502698
0.027811043
0.114492066
0.122453175
-0.011361896
0.083346106
0.106918626
-0.0070854095
0.2968796
-0.016379831
0.2902792
0.10253099
0.010195249
0.04387456
-0.053067394
0.008988258
0.18921751
-0.07440822
0.292293
0.020294435
0.15167956
0.07756066
0.01646013
-0.053366862
-0.027947178
-0.06546898
0.31854242
-0.077752486
0.23558708
0.028587997
0.08090141
-0.0033028696
0.12822244
-0.1284061
0.06391153
-0.13407864
0.38091698
0.011764471
0.2000183
0.0007716828
0.160862
-0.08148812
0.2599672
-0.16411133
0.17539756
-0.184398
0.293418
0.08496726
0.23304403
-0.027977362
0.29979163
-0.10102036
0.3861851
-0.12531382
0.2666287
-0.20661005
0.16369851
0.064743415
0.2905034
-0.021523366
0.39778864
-0.018645404
0.44671166
0.039443474
0.3634445
-0.17878503
0.10710907
-0.010267257
0.2982288
0.014928283
0.33543122
0.08892428
0.33724287
0.15679336
0.4674391
-0.03765659
0.19368361
-0.07612776
0.24584848
0.03027069
0.1991334
0.09359628
0.21253854
0.16010115
0.40042806
0.14612198
0.3227586
-0.07639234
0.20139268
0.0067469305
0.08986451
0.02827094
0.08074016
0.10901353
0.2915686
0.19951127
0.3804903
0.015641123
0.22362606
-0.024941768
0.12063106
-0.059581213
-0.0029960603
0.023777738
0.19577503
0.18635823
0.28934497
0.08601949
0.2826026
-0.02566529
0.2533938
-0.10290776
0.027475864
-0.07125491
0.0828482
0.13903295
0.15972234
0.06327902
0.30226645
0.00884639
0.3764613
-0.058215912
0.1487568
-0.1397136
-0.016800983
0.070273876
