0.03486548364162445
0.15443626046180725
0.06450080871582031
0.044052667915821075
0.016514351591467857
0.02190350741147995
0.01979862153530121
0.01442745141685009
0.013222708366811275
0.01316527184098959
0.01201407890766859
0.010716337710618973
0.010400050319731236
0.010057639330625534
0.008790204301476479
0.008257471956312656
0.009689445607364178
0.010199487209320068
0.008357333950698376
0.0070516993291676044
0.007594767492264509
0.008600767701864243
0.008669426664710045
0.007772481068968773
0.006814606953412294
0.00661196606233716
0.007159380242228508
0.007559916004538536
0.007225255016237497
0.006657831836491823
0.006503774784505367
0.0067304824478924274
0.006888771895319223
0.006704795639961958
0.006337299011647701
0.006163754966109991
0.006299464963376522
0.0064286100678145885
0.006301842164248228
0.006093311123549938
0.006012336350977421
0.006028314586728811
0.006020396947860718
0.0059465160593390465
0.00583375059068203
0.005751137156039476
0.00573222991079092
0.005730857141315937
0.005669108591973782
0.005562420468777418
0.0054817586205899715
0.005449824500828981
0.005430157762020826
0.005378053989261389
0.005298242904245853
0.005222694482654333
0.005169771146029234
0.00512378616258502
0.005064824596047401
0.004993361420929432
0.004922623746097088
0.0048592956736683846
0.004794349893927574
0.004716971889138222
0.004627732560038567
0.004541056230664253
0.004461187869310379
0.004370218142867088
0.004254705738276243
0.004124916158616543
0.003998727537691593
0.003861445002257824
0.0036920057609677315
0.0034931751433759928
0.0032751201651990414
0.003025959711521864
0.002729003317654133
0.002386454027146101
0.0019932310096919537
0.0015734749613329768
0.0011465001152828336
0.0007814153213985264
0.0005898214294575155
0.000688932545017451
0.0010466555831953883
0.0014203294413164258
0.0017510271864011884
0.004485256038606167
0.011712150648236275
0.001964839408174157
0.005320193246006966
0.00179665710311383
0.003045158926397562
0.00430012121796608
0.0037979630287736654
0.0028859630692750216
0.003046367783099413
0.0038068052381277084
0.003683771938085556
0.003078731708228588
0.002996007213369012
0.003268464235588908
0.0033094906248152256
0.0029713609255850315
0.0025926430243998766
0.0025328926276415586
0.0026807812973856926
0.0025407529901713133
0.0020876138005405664
0.0018014920642599463
0.0018032718217000365
0.0017245255876332521
0.0013691112399101257
0.0010274864034727216
0.0009340835968032479
0.0008447952568531036
0.0007417569286189973
0.0007565710111521184
0.0007664182921871543
0.0009726407588459551
0.0009663883247412741
0.0009572260896675289
0.0008876299252733588
0.0007138444925658405
0.0006647355039604008
0.000621286453679204
0.0006202775985002518
0.0006017755949869752
0.0006237169145606458
0.0006926420028321445
0.0006967536173760891
0.0006725091952830553
0.000688029220327735
0.000689505657646805
0.0006502712494693696
0.0006220269715413451
0.0006022421293891966
0.0005795489414595068
0.0005697844899259508
0.000560235173907131
0.0005609929794445634
0.0005720129702240229
0.0005752797005698085
0.0005840942030772567
0.0005789879360236228
0.0005697071319445968
0.0005702555063180625
0.0005577318370342255
0.0005483396234922111
0.000547922623809427
0.0005467997980304062
0.0005472018383443356
0.0005463255802169442
0.0005476937512867153
0.0005495119839906693
0.0005452818586491048
0.0005425020353868604
0.0005402633687481284
0.0005352919106371701
0.0005330736166797578
0.0005301060155034065
0.0005279130418784916
0.0005282945930957794
0.0005268134409561753
0.0005259552854113281
0.0005253469571471214
0.0005239257006905973
0.0005216272547841072
0.0005189491785131395
0.0005171301309019327
0.0005139373824931681
0.0005120275309309363
0.0005106509197503328
0.0005085492157377303
0.0005073887878097594
0.0005055000656284392
0.0005042717093601823
0.0005024271667934954
0.000500237219966948
0.0004982866812497377
0.0004963276442140341
0.0004942848463542759
0.0004925226094201207
0.0004907658440060914
0.0004895927850157022
0.00048808002611622214
0.00048647262156009674
0.0004849276738241315
0.00048350568977184594
0.0004820996546186507
0.0004808710655197501
0.00047945367987267673
0.00047827325761318207
0.0004767186183016747
0.00047604661085642874
0.00047489014104939997
0.0004739206051453948
0.00047296087723225355
0.0004721206205431372
0.0004710247158072889
0.00047037849435582757
0.00046910560922697186
0.000468177255243063
0.0004673105722758919
0.0004663441504817456
0.0004655403026845306
0.00046454143011942506
0.0004637563251890242
0.00046253882464952767
0.0004618896928150207
0.00046090356772765517
0.00045995309483259916
0.00045886723091825843
0.00045798387145623565
0.00045686919474974275
0.0004558397631626576
0.0004548918514046818
0.00045400887029245496
0.0004528018762357533
0.00045176921412348747
0.00045077077811583877
0.00044995706412009895
0.00044891293509863317
0.000447893631644547
0.0004469169653020799
0.00044566800352185965
0.00044476118637248874
0.0004436289891600609
0.0004425698716659099
0.00044132431503385305
0.0004404089995659888
0.00043923751218244433
0.00043793022632598877
0.0004371065879240632
0.00043586225365288556
0.000435014721006155
0.0004335854318924248
0.0004324988694861531
0.00043146443204022944
0.00043035848648287356
0.0004290493961889297
0.0004277061379980296
0.0004266700125299394
0.0004253399383742362
0.0004241906863171607
0.000423067162046209
0.00042162620229646564
0.0004204150754958391
0.0004191308398731053
0.0004178523668088019
0.00041645742021501064
0.00041531230090186
0.0004140279779676348
0.00041254909592680633
0.0004112560418434441
0.0004099493089597672
0.00040864551556296647
0.0004071299044881016
0.00040567442192696035
0.0004042201617266983
0.0004028892726637423
0.00040129543049260974
0.00040005086339078844
0.00039852908230386674
0.0003968675446230918
0.0003953923878725618
0.0003935949644073844
0.00039210397517308593
0.0003904782060999423
0.00038910633884370327
0.0003874968970194459
0.0003858279378619045
0.00038413223228417337
0.00038241472793743014
0.00038094184128567576
0.00037909953971393406
0.0003772724885493517
0.0003756283549591899
0.00037390473880805075
0.00037197800702415407
0.0003701578243635595
0.00036853086203336716
0.0003664203395601362
0.00036474657827056944
0.0003626045072451234
0.00036083513987250626
0.00035882648080587387
0.00035703115281648934
0.00035494304029271007
0.0003528391243889928
0.0003509428061079234
0.0003487631620373577
0.0003468808135949075
0.0003446966002229601
0.0003426901821512729
0.0003406069299671799
0.00033829594030976295
0.0003362442657817155
0.00033405391150154173
0.00033191783586516976
0.00032972576445899904
0.00032754059066064656
0.00032530323369428515
0.0003232322633266449
0.0003206300607416779
0.0003183837980031967
0.0003161079075653106
0.0003138115571346134
0.00031142827356234193
0.00030936513212509453
0.00030668763793073595
0.0003043368342332542
0.00030175791471265256
0.0002997408446390182
0.0002969751076307148
0.00029484249535016716
0.00029211933724582195
0.0002897277008742094
0.0002873429621104151
0.0002847641590051353
0.00028235893114469945
0.0002799495996441692
0.00027744597173295915
0.0002749962150119245
0.00027257573674432933
0.00027020249399356544
0.0002675707219168544
0.00026525085559114814
0.0002627313369885087
0.0002603496832307428
0.00025797763373702765
0.00025555319734849036
0.00025334995007142425
0.00025083599030040205
0.00024873283109627664
0.00024643668439239264
0.00024427546304650605
0.0002417929208604619
0.00023975207295734435
0.00023770073312334716
0.0002355390170123428
0.00023355147277470678
0.00023156801762524992
0.00022954758605919778
0.00022746884496882558
0.0002255076396977529
0.000223752242163755
0.00022205048298928887
0.0002201373572461307
0.00021857178944628686
0.00021676984033547342
0.00021513059618882835
0.00021346667199395597
0.00021196606394369155
0.00021036677935626358
0.00020883332763332874
0.00020742644846905023
0.00020577064424287528
0.0002044081484200433
0.0002031063922913745
0.0002018076047534123
0.0002002759138122201
0.00019915495067834854
0.0001976746425498277
0.00019628395966719836
0.00019489853002596647
0.00019359657017048448
0.000192058680113405
0.0001910439896164462
0.00018972395628225058
0.00018841290147975087
0.0001870536507340148
0.00018586491933092475
0.000184452481335029
0.0001830562250688672
0.0001816747972043231
0.000180558068677783
0.00017904757987707853
0.0001778704609023407
0.00017635372933000326
0.00017480671522207558
0.00017372523143421859
0.00017203346942551434
0.00017057755030691624
0.00016911044076550752
0.00016757988487370312
0.0001659882691456005
0.0001644537114771083
0.00016296043759211898
0.000161233518156223
0.0001594991481397301
0.0001578143856022507
0.00015634950250387192
0.00015435070963576436
0.00015242386143654585
0.00015055581752676517
0.00014879502123221755
0.00014683084737043828
0.00014489045133814216
0.0001427601819159463
0.00014080738765187562
0.00013875857985112816
0.0001368944504065439
0.00013460432819556445
0.0001326372876064852
0.00013023502833675593
0.0001281813019886613
0.0001260617282241583
0.00012393320503178984
0.00012188809341751039
0.00011961554264416918
0.00011774324957514182
0.00011574671225389466
0.00011355773312970996
0.0001118367727031
0.00010979249054798856
0.00010790387750603259
0.00010617383668432012
0.00010451756679685786
0.00010299057612428442
0.0001013861910905689
0.00010001627379097044
9.853318624664098e-05
9.706715354695916e-05
9.60497563937679e-05
9.4847877335269e-05
9.37250442802906e-05
9.289057197747752e-05
9.177299216389656e-05
9.102620970224962e-05
9.01874591363594e-05
8.946622983785346e-05
8.902130502974615e-05
8.831366722006351e-05
8.782378426985815e-05
8.72668533702381e-05
8.675611752551049e-05
8.618021092843264e-05
8.577910193707794e-05
8.552673534722999e-05
8.522060670657083e-05
8.4579864051193e-05
8.432826871285215e-05
8.403041283600032e-05
8.344850357389078e-05
8.324353257194161e-05
8.302449714392424e-05
8.257598528871313e-05
8.251058898167685e-05
8.210503438021988e-05
8.177840936696157e-05
8.161558071151376e-05
8.120627899188548e-05
8.119804260786623e-05
8.096214878605679e-05
8.05347808636725e-05
8.040038665058091e-05
8.011496538529173e-05
7.985436241142452e-05
7.971885497681797e-05
7.951267616590485e-05
7.933843153296039e-05
7.908258703537285e-05
7.909737905720249e-05
7.883962098276243e-05
7.863182690925896e-05
7.823725900379941e-05
7.822013867553324e-05
7.81068520154804e-05
7.797668513376266e-05
7.782656030030921e-05
7.765719783492386e-05
7.76049419073388e-05
7.720139547018334e-05
7.703520532231778e-05
7.715773244854063e-05
7.674514927202836e-05
7.6381053077057e-05
7.637427188456059e-05
7.629995525348932e-05
7.591907342430204e-05
7.579905650345609e-05
7.574946357635781e-05
7.538608770119026e-05
7.521346560679376e-05
7.518710481235757e-05
7.48401289456524e-05
7.482230284949765e-05
7.459739572368562e-05
7.441393245244399e-05
7.43804412195459e-05
7.396619184873998e-05
7.402608025586233e-05
7.377233123406768e-05
7.355306297540665e-05
7.347729115281254e-05
7.316063420148566e-05
7.31694235582836e-05
7.291179645108059e-05
7.274335803231224e-05
7.253052899613976e-05
7.235560769913718e-05
7.229496986838058e-05
7.211782940430567e-05
7.19652816769667e-05
7.17591101420112e-05
7.159646338550374e-05
7.1432237746194e-05
7.12128312443383e-05
7.120500958990306e-05
7.099062349880114e-05
7.113313768059015e-05
7.072314474498853e-05
7.056903268676251e-05
7.048414408927783e-05
7.034112059045583e-05
7.009170803939924e-05
7.008475222392008e-05
6.983718776609749e-05
6.970995309529826e-05
6.967308581806719e-05
6.93716065143235e-05
6.92985558998771e-05
6.89416192471981e-05
6.885968468850479e-05
6.863480666652322e-05
6.856402615085244e-05
6.838054105173796e-05
6.809162732679397e-05
6.81462770444341e-05
6.810988270444795e-05
6.771597691113129e-05
6.744363054167479e-05
6.768184539396316e-05
6.730591849191114e-05
6.705255509587005e-05
6.694366311421618e-05
6.678048521280289e-05
6.659046630375087e-05
6.648098496953025e-05
6.646362453466281e-05
6.632025178987533e-05
6.593640864593908e-05
6.607491377508268e-05
6.583424692507833e-05
6.562885391758755e-05
6.544868665514514e-05
6.519737507915124e-05
6.507593207061291e-05
6.492542161140591e-05
6.481333548435941e-05
6.454787944676355e-05
6.44389001536183e-05
6.439843127736822e-05
6.426154141081497e-05
6.412428774638101e-05
6.434979877667502e-05
6.414564995793626e-05
6.413727533072233e-05
6.366841989802197e-05
6.319543172139674e-05
6.307433068286628e-05
6.304509588517249e-05
6.283768743742257e-05
6.259183282963932e-05
6.250038859434426e-05
6.237327033886686e-05
6.205742101883516e-05
6.194626621436328e-05
6.177465547807515e-05
6.192237924551591e-05
6.173724250402302e-05
6.140954792499542e-05
6.124001811258495e-05
6.121867772890255e-05
6.1021415604045615e-05
6.08974187343847e-05
6.0570226196432486e-05
6.046429552952759e-05
6.039012805558741e-05
6.013636811985634e-05
5.995351239107549e-05
5.984096060274169e-05
5.9596364735625684e-05
5.956804670859128e-05
5.9399008023319766e-05
5.909397077630274e-05
5.9221842093393207e-05
5.8841484133154154e-05
5.8711113524623215e-05
5.857294672750868e-05
5.841976235387847e-05
5.82462853344623e-05
5.81483545829542e-05
5.774494638899341e-05
5.792758020106703e-05
5.785924440715462e-05
5.777181650046259e-05
5.762165892519988e-05
5.7674104027682915e-05
5.752069046138786e-05
5.746030728914775e-05
5.730065458919853e-05
5.783073720522225e-05
5.831827365909703e-05
5.89754999964498e-05
5.948204852757044e-05
5.955760207143612e-05
5.896834409213625e-05
5.83386245125439e-05
5.808213973068632e-05
5.698859240510501e-05
5.654830238199793e-05
5.665418939315714e-05
5.627941573038697e-05
5.635917477775365e-05
5.570904613705352e-05
5.474138743011281e-05
5.402640817919746e-05
5.4847881983732805e-05
5.634337503579445e-05
5.8590103435562924e-05
6.06214816798456e-05
6.16378165432252e-05
6.297992513282225e-05
6.36461700196378e-05
6.603002111660317e-05
7.049682608339936e-05
8.14349259599112e-05
9.557598968967795e-05
0.00012086836795788258
0.00013526271504815668
0.00016400450840592384
0.00017166139150504023
0.00019822838658001274
0.0001710674405330792
0.00014502757403533906
8.921904372982681e-05
5.719663022318855e-05
5.728710311814211e-05
8.390023140236735e-05
0.00011447016731835902
0.00011200283915968612
9.713281906442717e-05
6.77036150591448e-05
5.1950719353044406e-05
5.8453228120924905e-05
7.374086271738634e-05
8.007755968719721e-05
6.90742235747166e-05
5.6779274018481374e-05
5.12778788106516e-05
5.428652366390452e-05
6.0550075431820005e-05
6.21633225819096e-05
5.977962428005412e-05
5.364034223021008e-05
5.012433757656254e-05
5.18370907229837e-05
5.6146305723814294e-05
5.797273479402065e-05
5.484786379383877e-05
5.102593422634527e-05
4.911972428089939e-05
5.003701153327711e-05
5.142613736097701e-05
5.054975190432742e-05
4.90598104079254e-05
4.8190900997724384e-05
4.805463686352596e-05
4.8284429794875905e-05
4.868043106398545e-05
4.960368823958561e-05
5.0011913117486984e-05
4.9246948037762195e-05
4.7773886763025075e-05
4.716500188806094e-05
4.7102792450459674e-05
4.776388595928438e-05
4.8299876652890816e-05
4.869569602306001e-05
4.826429722015746e-05
4.7099478251766413e-05
4.6172757720341906e-05
4.561648893286474e-05
4.525112672126852e-05
4.5388482249109074e-05
4.5538625272456557e-05
4.5565833715954795e-05
4.524689938989468e-05
4.470701242098585e-05
4.447395622264594e-05
4.412964335642755e-05
4.430513217812404e-05
4.462022479856387e-05
4.454260488273576e-05
4.451334098121151e-05
4.4503620301838964e-05
4.466079190024175e-05
4.5269556721905246e-05
4.60183437098749e-05
4.7182009438984096e-05
4.8269757826346904e-05
4.969922883901745e-05
5.0667997129494324e-05
5.378959031077102e-05
5.904545105295256e-05
7.045819802442566e-05
8.294191502500325e-05
0.00010936707258224487
0.0001429260737495497
0.00021630150149576366
0.00026142160641029477
0.00034849290386773646
0.00027038983535021544
0.0001852831628639251
6.961405597394332e-05
6.068310176488012e-05
0.00013567617861554027
0.0001638303801883012
0.00014144161832518876
7.136961357900873e-05
4.552440077532083e-05
6.62522143102251e-05
9.21846367418766e-05
9.660360956331715e-05
6.497681170003489e-05
4.2862251575570554e-05
5.608951687463559e-05
7.45241777622141e-05
6.466618651757017e-05
4.470681233215146e-05
4.767399877891876e-05
5.812687595607713e-05
5.304298611008562e-05
4.285051909391768e-05
4.452489156392403e-05
5.29555618413724e-05
5.276435331325047e-05
4.332795651862398e-05
4.201215415378101e-05
4.6975412260508165e-05
4.745288970298134e-05
4.320506559452042e-05
4.046952381031588e-05
4.331085801823065e-05
4.449516927707009e-05
4.112850729143247e-05
3.9542308513773605e-05
4.144324702792801e-05
4.190491745248437e-05
4.0301092667505145e-05
3.925828787032515e-05
3.959593959734775e-05
4.009615440736525e-05
3.9665595977567136e-05
3.821770951617509e-05
3.840005228994414e-05
3.900711453752592e-05
3.834289964288473e-05
3.751585973077454e-05
3.7657075154129416e-05
3.7942445487715304e-05
3.7916212022537366e-05
3.8245663745328784e-05
3.8414385926444083e-05
3.7746463931398466e-05
3.727868170244619e-05
3.663514507934451e-05
3.641188959591091e-05
3.669174111564644e-05
3.6765046388609335e-05
3.6024950532009825e-05
3.579387703211978e-05
3.624676537583582e-05
3.66414496966172e-05
3.68057590094395e-05
3.622688745963387e-05
3.5490902519086376e-05
3.512247349135578e-05
3.516782453516498e-05
3.502873005345464e-05
3.51568050973583e-05
3.552169073373079e-05
3.555830699042417e-05
3.5269207728561014e-05
3.4785083698807284e-05
3.4548564144643024e-05
3.402481524972245e-05
3.401437061256729e-05
3.3973461540881544e-05
3.37713718181476e-05
3.359719994477928e-05
3.365728844073601e-05
3.3419550163671374e-05
3.356660818099044e-05
3.360514892847277e-05
3.332622509333305e-05
3.3146254281746224e-05
3.2920288504101336e-05
3.305910649942234e-05
3.310859392513521e-05
3.302416007500142e-05
3.2848976843524724e-05
3.2591764465905726e-05
3.237221608287655e-05
3.265774648752995e-05
3.321717304061167e-05
3.3919215638889e-05
3.409634155104868e-05
3.3880118280649185e-05
3.3454547519795597e-05
3.306959479232319e-05
3.300379103166051e-05
3.2812426070449874e-05
3.2652107620378956e-05
3.3443691791035235e-05
3.534528150339611e-05
3.880196891259402e-05
4.547703065327369e-05
5.614853580482304e-05
7.645315054105595e-05
0.00010387604561401531
0.0001595301873749122
0.0002045603032456711
0.00028172312886454165
0.0002512998762540519
0.00021501818264368922
0.00010287352051818743
4.1514780605211854e-05
5.319752381183207e-05
0.0001055809116223827
0.00014985089364927262
0.00011184660979779437
6.574126018676907e-05
3.863411257043481e-05
4.655900920624845e-05
7.00146920280531e-05
7.312205707421526e-05
5.427592259366065e-05
3.398807893972844e-05
4.3226038542343304e-05
5.891258842893876e-05
4.8730587877798826e-05
3.604856465244666e-05
3.664390169433318e-05
4.451911081559956e-05
4.914795863442123e-05
3.9657868910580873e-05
3.170057971146889e-05
3.5883349482901394e-05
3.9075672248145565e-05
3.574161746655591e-05
3.2391944841947407e-05
3.368478792253882e-05
3.819747144007124e-05
3.762601409107447e-05
3.2606778404442593e-05
3.063883195864037e-05
3.4064814826706424e-05
3.6444740544538945e-05
3.407730036997236e-05
3.103591734543443e-05
3.049656152143143e-05
3.175213350914419e-05
3.3039399568224326e-05
3.19863211188931e-05
3.05099347315263e-05
2.993088673974853e-05
3.109275712631643e-05
3.242812817916274e-05
3.134586222586222e-05
2.9745566280325875e-05
2.9422439183690585e-05
3.0270612114691176e-05
3.099302921327762e-05
3.090008976869285e-05
2.9646522307302803e-05
2.8968705009901896e-05
2.9408418413368054e-05
2.9601771529996768e-05
2.8955750167369843e-05
2.8570562790264376e-05
2.8831460440414958e-05
2.8845141059719026e-05
2.880630927393213e-05
2.8522319553303532e-05
2.8476219085860066e-05
2.823268914653454e-05
2.828834294632543e-05
2.835785926436074e-05
2.844559639925137e-05
2.84444304270437e-05
2.8178192224004306e-05
2.7826428777188994e-05
2.774376844172366e-05
2.7861060516443104e-05
2.7498725103214383e-05
2.7488913474371657e-05
2.7889700504601933e-05
2.776455039565917e-05
2.7207172024645843e-05
2.7236512323725037e-05
2.7354206395102665e-05
2.7326510462444276e-05
2.716783455980476e-05
2.7007572498405352e-05
2.7130285161547363e-05
2.791172119032126e-05
2.8488531825132668e-05
2.8286387532716617e-05
2.8526979804155417e-05
2.8567514164024033e-05
2.7934915124205872e-05
2.6950297979055904e-05
2.64163754764013e-05
2.6701383831095882e-05
2.7230109481024556e-05
2.6869580324273556e-05
2.6323055863031186e-05
2.6481680833967403e-05
2.6348534447606653e-05
2.7003186914953403e-05
2.8573860618053004e-05
2.9132839699741453e-05
2.847430732799694e-05
2.8075588488718495e-05
2.715607661230024e-05
2.5843957700999454e-05
2.6282015824108385e-05
2.6212755983578973e-05
2.552806654421147e-05
2.6194766178377904e-05
2.5878718588501215e-05
2.538693297537975e-05
2.6217476261081174e-05
2.6639996576705016e-05
2.692560519790277e-05
2.747649523371365e-05
2.7287660486763343e-05
2.6554742362350225e-05
2.640494130901061e-05
2.616456004034262e-05
2.609646980999969e-05
2.5943776563508436e-05
2.497566310921684e-05
2.4495291654602624e-05
2.4645782104926184e-05
2.4628592655062675e-05
2.4808672606013715e-05
2.5336274120490998e-05
2.5578512577340007e-05
2.6743866328615695e-05
2.9755714422208257e-05
3.392567305127159e-05
4.3006890336982906e-05
6.142594793345779e-05
0.00010148229921469465
0.00016689197218511254
0.0003133642312604934
0.00044114436605013907
0.0006566437077708542
0.0004557879292406142
0.00019167124992236495
3.747693699551746e-05
0.00018696347251534462
0.0003620480129029602
0.00018132531840819865
3.227348861400969e-05
0.00011792469740612432
0.00014643112081103027
8.662635809741914e-05
6.278159708017483e-05
8.194467227440327e-05
0.0001046071556629613
5.7887609727913514e-05
4.988358705304563e-05
9.038329153554514e-05
5.3279200074030086e-05
4.140458258916624e-05
7.464666123269126e-05
4.549112054519355e-05
3.6081677535548806e-05
5.77466853428632e-05
3.9068243495421484e-05
3.6286288377596065e-05
4.872515273746103e-05
3.897584247170016e-05
3.395203748368658e-05
4.000907938461751e-05
3.6086006730329245e-05
3.161633139825426e-05
3.613864100771025e-05
3.359128095326014e-05
2.902774212998338e-05
3.52151328115724e-05
3.2446547265863046e-05
2.80834919976769e-05
3.341764386277646e-05
3.103688868577592e-05
2.7504611352924258e-05
3.086231663473882e-05
2.9086093491059728e-05
2.748182487266604e-05
2.8892392947454937e-05
2.7797364964499138e-05
2.7056856197305024e-05
2.7816535293823108e-05
2.7109121219837107e-05
2.6819612685358152e-05
2.6848050765693188e-05
2.688702807063237e-05
2.7039728593081236e-05
2.6206420443486422e-05
2.6107605663128197e-05
2.6379395421827212e-05
2.5654047931311652e-05
2.6046272978419438e-05
2.5763249141164124e-05
2.5530762286507525e-05
2.5808389182202518e-05
2.5330054995720275e-05
2.55671202467056e-05
2.5872295736917295e-05
2.5045581423910335e-05
2.57309184235055e-05
2.600350671855267e-05
2.5059802283067256e-05
2.5230052415281534e-05
2.524072988308035e-05
2.4740669687162153e-05
2.5087112589972094e-05
2.4644778022775427e-05
2.431954999337904e-05
2.4682811272214167e-05
2.425501952529885e-05
2.420085911580827e-05
2.425222919555381e-05
2.3907283321022987e-05
2.403027428954374e-05
2.4150807803380303e-05
2.3890219381428324e-05
2.4301993107656017e-05
2.4046528778853826e-05
2.364593638048973e-05
2.390060035395436e-05
2.3731085093459114e-05
2.3691180103924125e-05
2.3708858861937188e-05
2.3282496840693057e-05
2.3429232896887697e-05
2.3329568648478016e-05
2.31111807806883e-05
2.3249956939253025e-05
2.3017917555989698e-05
2.2777992853662e-05
2.304879490111489e-05
2.2824915504315868e-05
2.280947592225857e-05
2.2970505597186275e-05
2.2726646420778707e-05
2.2694604922435246e-05
2.2822663595434278e-05
2.283577123307623e-05
2.282687637489289e-05
2.24782015720848e-05
2.237248918390833e-05
2.223271076218225e-05
2.2364525648299605e-05
2.2440493921749294e-05
2.202643736382015e-05
2.2113612430985086e-05
2.2226879082154483e-05
2.1834006474819034e-05
2.1887790353503078e-05
2.2123758753878064e-05
2.2221976905711927e-05
2.1877493054489605e-05
2.155952824978158e-05
2.1801888578920625e-05
2.174720611947123e-05
2.1751418898929842e-05
2.1518173525691964e-05
2.1470565116032958e-05
2.1492092855623923e-05
2.16334101423854e-05
2.174086512241047e-05
2.158256211259868e-05
2.1284749891492538e-05
2.1036044927313924e-05
2.11226761166472e-05
2.1101317543070763e-05
2.0983767171856016e-05
2.078747820632998e-05
2.0801620848942548e-05
2.0849656721111387e-05
2.0751929696416482e-05
2.067598506982904e-05
2.068778485408984e-05
2.0619847418856807e-05
2.0489758753683418e-05
2.0438206774997525e-05
2.0495052012847736e-05
2.0404104361659847e-05
2.031921576417517e-05
2.032493648584932e-05
2.0325738660176285e-05
2.0182480511721224e-05
2.0237719581928104e-05
2.0343359210528433e-05
2.031477924901992e-05
2.0059249436599202e-05
2.0167562979622744e-05
2.0101428162888624e-05
1.9937795514124446e-05
2.004814632527996e-05
1.9960280042141676e-05
2.0035176930832677e-05
1.99940477614291e-05
1.9693115973495878e-05
1.9699962649610825e-05
1.9831863028230146e-05
1.9875185898854397e-05
1.996386345126666e-05
1.967510070244316e-05
1.945830626937095e-05
1.9606644855230115e-05
1.9634982891147956e-05
1.9776674889726564e-05
1.9700935808941722e-05
1.9343686290085316e-05
1.9226432414143346e-05
1.9308095943415537e-05
1.9382005120860413e-05
1.93400865100557e-05
1.9100163626717404e-05
1.9121698642265983e-05
1.9132599845761433e-05
1.9005650756298564e-05
1.893155240395572e-05
1.90367045433959e-05
1.893946682685055e-05
1.8950786397908814e-05
1.892246655188501e-05
1.894714114314411e-05
1.907234218379017e-05
1.9228458768338896e-05
1.9044186046812683e-05
1.8911567167378962e-05
1.8758282749331556e-05
1.8628330508363433e-05
1.8728251234279014e-05
1.8569382518762723e-05
1.879222327261232e-05
1.8787402950692922e-05
1.8868779079639353e-05
1.906841316667851e-05
1.907370642584283e-05
1.8631553757586516e-05
1.8313110558665358e-05
1.8347254808759317e-05
1.8523280232329853e-05
1.8494954929337837e-05
1.827677078836132e-05
1.826025254558772e-05
1.831305053201504e-05
1.8245051251142286e-05
1.8182034182245843e-05
1.8171158444602042e-05
1.810955654946156e-05
1.807542321330402e-05
1.79844591912115e-05
1.8012613509199582e-05
1.7881720850709826e-05
1.7834223399404436e-05
1.7695972928777337e-05
1.768124639056623e-05
1.7882281099446118e-05
1.776020508259535e-05
1.766803688951768e-05
1.7828919226303697e-05
1.7793587176129222e-05
1.755704215611331e-05
1.804989187803585e-05
1.9170960513292812e-05
2.112187212333083e-05
2.5194558475050144e-05
3.1715335353510454e-05
4.49813851446379e-05
7.12499677320011e-05
0.00012273176980670542
0.0002005852438742295
0.0003309869789518416
0.00042482567369006574
0.00046941559412516654
0.00025812388048507273
5.441146277007647e-05
4.698324482887983e-05
0.00019422436889726669
0.0002646532084327191
0.00010612772894091904
3.250478039262816e-05
0.00011502457346068695
0.00010720274440245703
3.592396024032496e-05
5.034768764744513e-05
8.970306225819513e-05
5.442650581244379e-05
3.298748561064713e-05
6.853706872789189e-05
5.082940697320737e-05
2.7287409466225654e-05
5.417462671175599e-05
5.090871491120197e-05
2.615074481582269e-05
4.338820872362703e-05
4.639352482627146e-05
2.6405157768749632e-05
3.6288703995523974e-05
4.236548556946218e-05
2.498156754882075e-05
3.09705501422286e-05
3.827955151791684e-05
2.3729489839752205e-05
2.90233401756268e-05
3.446694609010592e-05
2.2765669200452976e-05
2.8892545742564835e-05
3.422870940994471e-05
2.3269936718861572e-05
2.6547631932771765e-05
3.184213346685283e-05
2.238132401544135e-05
2.526390198909212e-05
2.948409201053437e-05
2.2513400836032815e-05
2.3560158297186717e-05
2.5550567443133332e-05
2.189554288634099e-05
2.344099630136043e-05
2.5031868062797002e-05
2.16442331293365e-05
2.261503141198773e-05
2.3464868718292564e-05
2.1201234631007537e-05
2.1526551790884696e-05
2.1889209165237844e-05
2.088253131660167e-05
2.078655597870238e-05
2.0745457732118666e-05
2.090533234877512e-05
2.022251283051446e-05
1.9885537767549977e-05
2.0383937226142734e-05
1.9597979189711623e-05
1.9569359210436232e-05
2.0097668311791494e-05
1.9313556549604982e-05
1.9407050785957836e-05
1.9941771824960597e-05
1.9264813090558164e-05
1.902038093248848e-05
1.9746512407436967e-05
1.9407076251809485e-05
1.8712862583925016e-05
1.8829141481546685e-05
1.8813463611877523e-05
1.8914830434368923e-05
1.8515975170885213e-05
1.866774255177006e-05
1.880010313470848e-05
1.8411536075291224e-05
1.8695312974159606e-05
1.847966996137984e-05
1.8503966202843003e-05
1.8472506781108677e-05
1.8591816115076654e-05
1.840529694163706e-05
1.8124179405276664e-05
1.8262979210703634e-05
1.8075232219416648e-05
1.8034324966720305e-05
1.814360985008534e-05
1.808283559512347e-05
1.7978074538405053e-05
1.7917383956955746e-05
1.805179454095196e-05
1.7967962776310742e-05
1.7976721210288815e-05
1.7971720808418468e-05
1.783244442776777e-05
1.8086566342390142e-05
1.8319880837225355e-05
1.814350616768934e-05
1.7800635760067962e-05
1.8158581951865926e-05
1.782714025466703e-05
1.8014954548561946e-05
1.802776569093112e-05
1.7489999663666822e-05
1.767427420418244e-05
1.7833350284490734e-05
1.7503058188594878e-05
1.762976717145648e-05
1.770266317180358e-05
1.7572658180142753e-05
1.7728951206663623e-05
1.719863030302804e-05
1.7220385416294448e-05
1.749072725942824e-05
1.735118894430343e-05
1.727275775920134e-05
1.7288140952587128e-05
1.707664705463685e-05
1.725807123875711e-05
1.7339572877972387e-05
1.6938251064857468e-05
1.7233835023944266e-05
1.7147232938441448e-05
1.680229979683645e-05
1.712934681563638e-05
1.7258444131584838e-05
1.685336246737279e-05
1.6965570466709323e-05
1.690496355877258e-05
1.7099144315579906e-05
1.751305717334617e-05
1.7253647456527688e-05
1.7007558199111372e-05
1.699648237263318e-05
1.6788641005405225e-05
1.684056769590825e-05
1.6946918549365364e-05
1.6672398487571627e-05
1.6507354303030297e-05
1.6716468962840736e-05
1.6692471035639755e-05
1.6534024325665087e-05
1.647258068260271e-05
1.6399908417952247e-05
1.6519896234967746e-05
1.6417176084360108e-05
1.634723048482556e-05
1.643374707782641e-05
1.6455978766316548e-05
1.6341144146281295e-05
1.619074282643851e-05
1.6336589396814816e-05
1.665410673012957e-05
1.6692192730261013e-05
1.6246516679530032e-05
1.613747008377686e-05
1.6372227037209086e-05
1.6462916391901672e-05
1.6133455574163236e-05
1.6081108697107993e-05
1.6129812138387933e-05
1.6278241673717275e-05
1.6368148862966336e-05
1.651532693358604e-05
1.6652636986691505e-05
1.6791334928711876e-05
1.715060898277443e-05
1.711885488475673e-05
1.6540678188903257e-05
1.6202107872231863e-05
1.616518056835048e-05
1.5880134014878422e-05
1.582008189870976e-05
1.6132500604726374e-05
1.6169324226211756e-05
1.5994453860912472e-05
1.5919753423077054e-05
1.6253812646027654e-05
1.6232424968620762e-05
1.5864939996390603e-05
1.588128179719206e-05
1.6178433725144714e-05
1.6050562408054247e-05
1.6176167264347896e-05
1.6692310964572243e-05
1.698368760116864e-05
1.6849588064360432e-05
1.6352803868358023e-05
1.6036432498367503e-05
1.584223900863435e-05
1.5518786312895827e-05
1.5627647371729836e-05
1.568932566442527e-05
1.5504427210544236e-05
1.5782099580974318e-05
1.595593312231358e-05
1.6064965166151524e-05
1.6735368262743577e-05
1.7801550711737946e-05
1.8405338778393343e-05
1.8352819097344764e-05
1.7902804756886326e-05
1.7324002328678034e-05
1.6818039512145333e-05
1.646932287258096e-05
1.626482480787672e-05
1.6346719348803163e-05
1.644231451791711e-05
1.642098322918173e-05
1.6218909877352417e-05
1.5634968804079108e-05
1.5244609130604658e-05
1.5430590792675503e-05
1.5863462976994924e-05
1.6199639503611252e-05
1.6282539945677854e-05
1.6040035916375928e-05
1.5490339137613773e-05
1.5071796951815486e-05
1.5260631698765792e-05
1.552201501908712e-05
1.5618126781191677e-05
1.5598314348608255e-05
1.5557494407403283e-05
1.5526880815741606e-05
1.5041615370137151e-05
1.5058712051541079e-05
1.526227242720779e-05
1.5477977285627276e-05
1.549610897200182e-05
1.5166101547947619e-05
1.4945904695196077e-05
1.5181718481471762e-05
1.515609892521752e-05
1.538604738016147e-05
1.5736899513285607e-05
1.5878675185376778e-05
1.593226261320524e-05
1.6435924408142455e-05
1.692403202468995e-05
1.717204759188462e-05
1.73843636730453e-05
1.6831092580105178e-05
1.5689258361817338e-05
1.5128800441743806e-05
1.5105761121958494e-05
1.5348332453868352e-05
1.58928960445337e-05
1.60296076501254e-05
1.601809162821155e-05
1.594618515809998e-05
1.564940976095386e-05
1.54877870954806e-05
1.529368819319643e-05
1.5264859030139633e-05
1.5337458535213955e-05
1.5187872122623958e-05
1.512221570010297e-05
1.5172460734902415e-05
1.5276145859388635e-05
1.511800383013906e-05
1.4889111298543867e-05
1.490261001890758e-05
1.567357685416937e-05
1.7515400031697936e-05
2.0025918274768628e-05
2.3980817786650732e-05
2.843815673259087e-05
3.267165448050946e-05
3.795318116317503e-05
4.568762960843742e-05
5.805947876069695e-05
7.582076796097681e-05
9.921852324623615e-05
0.00011928180902032182
0.00013162136019673198
0.00012114604032831267
9.038511052494869e-05
5.325750316842459e-05
2.696929732337594e-05
1.5779676687088795e-05
2.1440508135128766e-05
3.3109063224401325e-05
3.6057150282431394e-05
2.9581875423900783e-05
1.999742198677268e-05
1.571624852658715e-05
1.861583768913988e-05
2.3376880562864244e-05
2.4948039936134592e-05
2.1483623640961014e-05
1.6458567188237794e-05
1.5318710211431608e-05
1.7514101273263805e-05
1.772230643837247e-05
1.5433854059665464e-05
1.5441626601386815e-05
1.663477269175928e-05
1.6263698853435926e-05
1.5672045265091583e-05
1.5375451766885817e-05
1.5474266547244042e-05
1.56802616402274e-05
1.53579494508449e-05
1.5186686141532846e-05
1.533751310489606e-05
1.5212215657811612e-05
1.5149033970374148e-05
1.5234395505103748e-05
1.5167098354140762e-05
1.5017212717793882e-05
1.4997228390711825e-05
1.5039826394058764e-05
1.489983969804598e-05
1.4802444638917223e-05
1.4786002793698572e-05
1.468516893510241e-05
1.4685406313219573e-05
1.4651393939857371e-05
1.4654331607744098e-05
1.4680096683150623e-05
1.4756278687855229e-05
1.463683474867139e-05
1.458511542296037e-05
1.45582498589647e-05
1.4531967281072866e-05
1.4554936569766141e-05
1.4415403711609542e-05
1.4473106602963526e-05
1.4576191460946575e-05
1.464631986891618e-05
1.4484411622106563e-05
1.4487783118966036e-05
1.4498543350782711e-05
1.4467158507613931e-05
1.4468082554230932e-05
1.4412327800528146e-05
1.4348484000947792e-05
1.4313994142867159e-05
1.4393182937055826e-05
1.4581574760086369e-05
1.522828642919194e-05
1.603754935786128e-05
1.7140391719294712e-05
1.856858580140397e-05
1.9900928236893378e-05
2.1074505639262497e-05
2.176040106860455e-05
2.039899663941469e-05
1.8499160432838835e-05
1.6739688362577e-05
1.538787728350144e-05
1.4651118362962734e-05
1.429170515621081e-05
1.4123695109446999e-05
1.4408510651264805e-05
1.444651024939958e-05
1.4705567991768476e-05
1.470067672926234e-05
1.4601600014430005e-05
1.456044537917478e-05
1.4677372746518813e-05
1.4881919014442246e-05
1.5532072211499326e-05
1.5897696357569657e-05
1.6164634871529415e-05
1.612555752217304e-05
1.552466164866928e-05
1.4732003364770208e-05
1.4218411706679035e-05
1.4080555956752505e-05
1.4370179997058585e-05
1.4959410691517405e-05
1.5466217519133352e-05
1.5804285794729367e-05
1.58412894961657e-05
1.5335192074417137e-05
1.4545253179676365e-05
1.4107864444667939e-05
1.4529673535434995e-05
1.5981564501998946e-05
1.87607674888568e-05
2.1519819711102173e-05
2.2667169105261564e-05
2.2034815629012883e-05
1.9881485059158877e-05
1.7414120520697907e-05
1.5148910279094707e-05
1.3942434634373058e-05
1.4380989341589157e-05
1.5935034753056243e-05
1.739841536618769e-05
1.8254679162055254e-05
1.909350248752162e-05
2.052493073279038e-05
2.17638626054395e-05
2.2048419850762002e-05
2.269790093123447e-05
2.314705852768384e-05
2.3533599232905544e-05
2.3885777409304865e-05
2.4148319425876252e-05
2.428216248517856e-05
2.5128296329057775e-05
2.609245348139666e-05
2.6734131097327918e-05
2.7360358217265457e-05
2.8248317903489806e-05
2.8981723517063074e-05
3.0236276870709844e-05
3.112900230917148e-05
3.0473525839624926e-05
2.8128693884355016e-05
2.4786946596577764e-05
2.137830415449571e-05
1.870128107839264e-05
1.6723901353543624e-05
1.5243991583702154e-05
1.4414259567274712e-05
1.3992278582009021e-05
1.4066559742786922e-05
1.4320028640213422e-05
1.4462685612670612e-05
1.4593740161217283e-05
1.4614272004109807e-05
1.4747689419891685e-05
1.5438426999025978e-05
1.6829553715069778e-05
1.8484464817447588e-05
1.9627632354968227e-05
1.919914757309016e-05
1.7786582247936167e-05
1.603826240170747e-05
1.4717336853209417e-05
1.4564445336873177e-05
1.4314442523755133e-05
1.4216221643437166e-05
1.4808962077950127e-05
1.5732855899841525e-05
1.7276572179980576e-05
1.845221959229093e-05
1.8317869034945033e-05
1.749811963236425e-05
1.680410969129298e-05
1.6790918380138464e-05
1.675311978033278e-05
1.5852259821258485e-05
1.5080142475198954e-05
1.5065943443914875e-05
1.5187910321401432e-05
1.5183009054453578e-05
1.5687252016505226e-05
1.618359237909317e-05
1.609831269888673e-05
1.577268267283216e-05
1.6228312233579345e-05
1.715933467494324e-05
1.8158174498239532e-05
1.914551467052661e-05
2.0171364667476155e-05
2.1422492864076048e-05
2.3797292669769377e-05
2.653444607858546e-05
2.870163916668389e-05
2.979727287311107e-05
3.018325696757529e-05
3.119540269835852e-05
3.282948455307633e-05
3.273137554060668e-05
3.0394288842217065e-05
2.7253681764705107e-05
2.4711805963306688e-05
2.2312615328701213e-05
1.925983997352887e-05
1.6439817045466043e-05
1.4486386135104112e-05
1.3567774658440612e-05
1.3749779100180604e-05
1.5031311704660766e-05
1.6000980394892395e-05
1.575791247887537e-05
1.540957782708574e-05
1.4719016689923592e-05
1.4007951904204674e-05
1.4125785128271673e-05
1.3847298760083504e-05
1.3576579476648476e-05
1.3766779375146143e-05
1.3586984096036758e-05
1.3643229976878501e-05
1.458550013921922e-05
1.562456600368023e-05
1.6717598555260338e-05
1.815039104258176e-05
1.9317145415698178e-05
2.0793000658159144e-05
2.243422386527527e-05
2.3200576833914965e-05
2.3524611606262624e-05
2.3278211301658303e-05
2.2549680579686537e-05
2.198621405113954e-05
2.1091274902573787e-05
2.0735180441988632e-05
2.155547190341167e-05
2.2102840375737287e-05
2.2721484128851444e-05
2.292705721629318e-05
2.1892376025789417e-05
2.030942778219469e-05
1.9854027414112352e-05
1.9675479052239098e-05
1.9153883840772323e-05
1.894551496661734e-05
1.8314098269911483e-05
1.768000947777182e-05
1.722046908980701e-05
1.6138768842210993e-05
1.5329000234487467e-05
1.5095141861820593e-05
1.4883769836160354e-05
1.567445542605128e-05
1.574981251906138e-05
1.5110172171262093e-05
1.5322188119171187e-05
1.5913665265543386e-05
1.6216199583141133e-05
1.7273061530431733e-05
1.7994476365856826e-05
1.730286567180883e-05
1.683265327301342e-05
1.6690448319423012e-05
1.670516940066591e-05
1.7211657905136235e-05
1.711596269160509e-05
1.62411142810015e-05
1.529338987893425e-05
1.4187443412083667e-05
1.3417757145361975e-05
1.3108634448144585e-05
1.3253084034658968e-05
1.3646359548147302e-05
1.4187633496476337e-05
1.4819845091551542e-05
1.5306479326682165e-05
1.543050166219473e-05
1.552641151647549e-05
1.5604753571096808e-05
1.5924118997645564e-05
1.6057367247412913e-05
1.598363814991899e-05
1.5480301954085007e-05
1.4971697055443656e-05
1.5091509339981712e-05
1.6038622561609372e-05
1.7328438843833283e-05
1.9324432287248783e-05
2.2010504835634492e-05
2.5047109375009313e-05
2.8226073482073843e-05
3.276595816714689e-05
3.7400830478873104e-05
4.109337896807119e-05
4.346825153334066e-05
4.4602977141039446e-05
4.431521301739849e-05
4.252342478139326e-05
3.759757601073943e-05
3.0087165214354172e-05
2.2662536139250733e-05
1.7472200852353126e-05
1.443629116693046e-05
1.3286225112096872e-05
1.4349530829349533e-05
1.6604944903519936e-05
1.8656275642570108e-05
1.8793607523548417e-05
1.67493326443946e-05
1.4005479897605255e-05
1.3179112102079671e-05
1.4172999726724811e-05
1.6628469893475994e-05
1.8618266039993614e-05
1.8631495549925603e-05
1.7420792573830113e-05
1.5015320968814194e-05
1.311904088652227e-05
1.375509145873366e-05
1.6488669643877074e-05
1.897843867482152e-05
1.9465978766675107e-05
1.7877498976304196e-05
1.5312731193262152e-05
1.3682004464499187e-05
1.3530740034184419e-05
1.4102284694672562e-05
1.4977556929807179e-05
1.5126296602829825e-05
1.4344043847813737e-05
1.3403084267338272e-05
1.3203301932662725e-05
1.3865065739082638e-05
1.4619780813518446e-05
1.4918931810825597e-05
1.4492701666313224e-05
1.3638577001984231e-05
1.3086222679703496e-05
1.3029982255829964e-05
1.2996089026273694e-05
1.3068698535789736e-05
1.3187260265112855e-05
1.3098877388983965e-05
1.2914312719658483e-05
1.2969492672709748e-05
1.3085857972328085e-05
1.2994217286177445e-05
1.3081949873594567e-05
1.3088183550280519e-05
1.2943722140335012e-05
1.3077619769319426e-05
1.3451084669213742e-05
1.3656070223078132e-05
1.389804674545303e-05
1.4242402357922401e-05
1.4239245501812547e-05
1.3900455996918026e-05
1.3598806617665105e-05
1.35684349515941e-05
1.4089026990404818e-05
1.5718291251687333e-05
1.8031314539257437e-05
2.0739276806125417e-05
2.377756027271971e-05
2.5610546799725853e-05
2.5541699869791046e-05
2.3723030608380213e-05
2.1012314391555265e-05
1.815402356442064e-05
1.582788536325097e-05
1.431535929441452e-05
1.3347193998924922e-05
1.2678572602453642e-05
1.2798807802028023e-05
1.3409312487056013e-05
1.3885464795748703e-05
1.4064751667319797e-05
1.4260754142014775e-05
1.4296741937869228e-05
1.3950698303233366e-05
1.3260424566396978e-05
1.274454734812025e-05
1.2623923794308212e-05
1.292907018068945e-05
1.3910982488596346e-05
1.5678750060033053e-05
1.8167769667343237e-05
2.1634341464960016e-05
2.6744914066512138e-05
3.422709778533317e-05
4.4034783059032634e-05
5.566243271459825e-05
6.74442999297753e-05
7.476456084987149e-05
7.409424870274961e-05
6.523535557789728e-05
5.005123239243403e-05
3.372052378836088e-05
2.1011190256103873e-05
1.472771600674605e-05
1.4308124264061917e-05
1.804149360395968e-05
2.2447507944889367e-05
2.3682277969783172e-05
2.1449566702358425e-05
1.77790061570704e-05
1.3878176105208695e-05
1.3126117664796766e-05
1.4807435945840552e-05
1.6304538803524338e-05
1.6388617950724438e-05
1.405576040269807e-05
1.2745164895022754e-05
1.4226962775865104e-05
1.6158472135430202e-05
1.617956513655372e-05
1.4111059499555267e-05
1.3035724805376958e-05
1.3835507161275018e-05
1.4629906218033284e-05
1.4816219845670275e-05
1.4020782145962585e-05
1.327117297478253e-05
1.328568578173872e-05
1.3806037713948172e-05
1.4032872968527954e-05
1.4124251720204484e-05
1.4283285054261796e-05
1.3428326383291278e-05
1.2681438420258928e-05
1.3137442692823242e-05
1.3858772945241071e-05
1.387753763992805e-05
1.365492062177509e-05
1.3538396160583943e-05
1.3333643437363207e-05
1.3491552635969128e-05
1.3367036444833502e-05
1.2942282410222106e-05
1.2808633073291276e-05
1.2708378562820144e-05
1.2729206900985446e-05
1.2400435480230954e-05
1.2527872968348674e-05
1.2558266462292522e-05
1.2684571629506536e-05
1.270923348783981e-05
1.2665682334045414e-05
1.2588014214998111e-05
1.266343861061614e-05
1.2370192052912898e-05
1.2488781976571772e-05
1.2521275493782014e-05
1.2359844731690828e-05
1.249390061275335e-05
1.2584516298375092e-05
1.245089151780121e-05
1.235226409335155e-05
1.2284689546504524e-05
1.2385635272949003e-05
1.2314329069340602e-05
1.231194255524315e-05
1.228145629283972e-05
1.24417038023239e-05
1.2351031728030648e-05
1.2204711310914718e-05
1.2339494787738658e-05
1.2459593563107774e-05
1.2365610928100068e-05
1.2309221347095445e-05
1.2427640285750385e-05
1.2464515748433769e-05
1.2464543942769524e-05
1.2919560504087713e-05
1.3694031622435432e-05
1.392303965985775e-05
1.3248371033114381e-05
1.252933270734502e-05
1.252674701390788e-05
1.2947449249622878e-05
1.3692647371499334e-05
1.4027375073055737e-05
1.364289619232295e-05
1.3178177141526248e-05
1.2892828635813203e-05
1.3142667739884928e-05
1.4020679373061284e-05
1.5112188521015923e-05
1.6231379049713723e-05
1.7206246411660686e-05
1.7869866496766917e-05
1.879206502053421e-05
1.9295741367386654e-05
1.8896815163316205e-05
1.8253473172080703e-05
1.7511891201138496e-05
1.661818714637775e-05
1.638357571209781e-05
1.5922943930490874e-05
1.5116304894036148e-05
1.414194775861688e-05
1.3356429008126725e-05
1.3252071767055895e-05
1.3959107491245959e-05
1.4911132893757895e-05
1.6559682990191504e-05
1.8649394405656494e-05
2.1310817828634754e-05
2.4296656192746013e-05
2.8053760615875944e-05
3.2299754820996895e-05
3.5715176636585966e-05
4.07379848184064e-05
4.809036909136921e-05
5.25811810803134e-05
5.3114483307581395e-05
4.8065321607282385e-05
3.802697756327689e-05
2.7707825211109594e-05
2.0902411051793024e-05
1.6245086953858845e-05
1.3496209248842206e-05
1.2883565432275645e-05
1.2327185686444864e-05
1.245846306119347e-05
1.2982655789528508e-05
1.2566073564812541e-05
1.2504144251579419e-05
1.2373071513138711e-05
1.2166723536211066e-05
1.2342966329015326e-05
1.2179022633063141e-05
1.2069083823007531e-05
1.2394150871841703e-05
1.2282524949114304e-05
1.2208690350234974e-05
1.2402590073179454e-05
1.2699179933406413e-05
1.3405530808086041e-05
1.4795816241530702e-05
1.53601558849914e-05
1.5098959011083934e-05
1.543762300570961e-05
1.5693181921960786e-05
1.5604326108586974e-05
1.540468838356901e-05
1.4815548638580367e-05
1.391348268953152e-05
1.3658571333508007e-05
1.3317022421688307e-05
1.3111820408084895e-05
1.3042166756349616e-05
1.3143399883119855e-05
1.3296528777573258e-05
1.3678875802725088e-05
1.4064413335290737e-05
1.4578396076103672e-05
1.5204306691884995e-05
1.604215503903106e-05
1.688949669187423e-05
1.8586388250696473e-05
2.084899097098969e-05
2.368384593864903e-05
2.6913994588539936e-05
3.004019526997581e-05
3.1804196623852476e-05
3.0932384106563404e-05
2.6773246645461768e-05
2.1368356101447716e-05
1.6255855371127836e-05
1.2827616956201382e-05
1.2374400284898002e-05
1.4141625797492452e-05
1.6037301975302398e-05
1.6771356968092732e-05
1.533864087832626e-05
1.3186053365643602e-05
1.1979624105151743e-05
1.2316237189224921e-05
1.3063950973446481e-05
1.3704407137993257e-05
1.3784931070404127e-05
1.3092548215354327e-05
1.2386399248498492e-05
1.1941138836846221e-05
1.21700750241871e-05
1.2593161045515444e-05
1.2391191376082134e-05
1.200136830448173e-05
1.187927136925282e-05
1.188740225188667e-05
1.216072905663168e-05
1.241454629052896e-05
1.253307709703222e-05
1.2425532986526377e-05
1.2007081750198267e-05
1.186558984045405e-05
1.1822272426798008e-05
1.1865366104757413e-05
1.2154466276115272e-05
1.229892859555548e-05
1.2531709217000753e-05
1.255181177839404e-05
1.2592056918947492e-05
1.335787328571314e-05
1.529355904494878e-05
1.8391212506685406e-05
2.1311787349986844e-05
2.3165124730439857e-05
2.4393233616137877e-05
2.483798743924126e-05
2.4185785150621086e-05
2.2811080270912498e-05
2.1110603483975865e-05
1.9396980860619806e-05
1.820145007513929e-05
1.712834091449622e-05
1.6574127585045062e-05
1.6396274077123962e-05
1.6181475075427443e-05
1.564429112477228e-05
1.4709246897837147e-05
1.3575653611042071e-05
1.2501863238867372e-05
1.2019818314001895e-05
1.2202845937281381e-05
1.2297899047553074e-05
1.2348651580396108e-05
1.2762529877363704e-05
1.3961997865408193e-05
1.5066174455569126e-05
1.5239750609907787e-05
1.4944417671358678e-05
1.465478453610558e-05
1.440052619727794e-05
1.3971600310469512e-05
1.3586916793428827e-05
1.3382331417233218e-05
1.303200679103611e-05
1.2254444300197065e-05
1.1850437658722512e-05
1.1983243894064799e-05
1.2176380550954491e-05
1.213086761708837e-05
1.1977412214037031e-05
1.1859919140988495e-05
1.1701360563165508e-05
1.1598718629102223e-05
1.1716409971995745e-05
1.17737909022253e-05
1.1701481525960844e-05
1.1988690857833717e-05
1.2166909073130228e-05
1.1835649274871685e-05
1.1603299753915053e-05
1.1684669516398571e-05
1.1625915249169338e-05
1.1581129001569934e-05
1.195185450342251e-05
1.2843438526033424e-05
1.3850675713911187e-05
1.5201352653093636e-05
1.7605541870580055e-05
2.1500096408999525e-05
2.639042395458091e-05
3.0702642106916755e-05
3.3274856832576916e-05
3.435937833273783e-05
3.386556636542082e-05
3.240489968447946e-05
2.9517619623220526e-05
2.620342274894938e-05
2.3463797333533876e-05
2.151722219423391e-05
1.951437116076704e-05
1.812016125768423e-05
1.6196403521462344e-05
1.3867760571883991e-05
1.216494001710089e-05
1.1527916285558604e-05
1.200481528940145e-05
1.2938760846736841e-05
1.3204014976508915e-05
1.2783541933458764e-05
1.1953652574447915e-05
1.1418056601542048e-05
1.1744474250008352e-05
1.2391604286676738e-05
1.285562029806897e-05
1.284775589738274e-05
1.2425505701685324e-05
1.1831562005681917e-05
1.149525269283913e-05
1.1477515727165155e-05
1.1511275261000264e-05
1.1613080459937919e-05
1.165870617114706e-05
1.1483942216727883e-05
1.1538080798345618e-05
1.1493883903312963e-05
1.1409622857172508e-05
1.1387532140361145e-05
1.1396544323361013e-05
1.1426210221543442e-05
1.1420721421018243e-05
1.1352829460520297e-05
1.1415869266784284e-05
1.1449183148215525e-05
1.1350297427270561e-05
1.1380468095012475e-05
1.1371082109690178e-05
1.1333069778629579e-05
1.1452192666183691e-05
1.1461955182312522e-05
1.1402475138311274e-05
1.1480492503324058e-05
1.1555848686839454e-05
1.1262278349022381e-05
1.1387405720597599e-05
1.151383276010165e-05
1.1416911547712516e-05
1.1415367225708906e-05
1.1345956409059e-05
1.1493792044348083e-05
1.155466179625364e-05
1.1569731213967316e-05
1.1646958228084259e-05
1.1787059520429466e-05
1.17226963993744e-05
1.1503869245643727e-05
1.1394695320632309e-05
1.134464309870964e-05
1.1761491805373225e-05
1.2992073607165366e-05
1.4961970009608194e-05
1.814509232644923e-05
2.250011675641872e-05
2.7191315894015133e-05
3.180956991855055e-05
3.607427788665518e-05
3.963051494793035e-05
4.248746336088516e-05
4.4316733692539856e-05
4.3936910515185446e-05
4.106404594494961e-05
3.632298103184439e-05
3.0573988624382764e-05
2.4724151444388554e-05
1.9691364286700264e-05
1.5818633983144537e-05
1.370502923236927e-05
1.2937090104969684e-05
1.2854523447458632e-05
1.469648032070836e-05
1.976228304556571e-05
2.5603252652217634e-05
2.917935125879012e-05
2.706614395719953e-05
2.1338577425922267e-05
1.697741936368402e-05
1.4236185052141082e-05
1.3197381122154184e-05
1.3119198229105677e-05
1.3131771083862986e-05
1.39990388561273e-05
1.4814136193308514e-05
1.4212378118827473e-05
1.3292239600559697e-05
1.246962074219482e-05
1.1649065527308267e-05
1.142889686889248e-05
1.1868623005284462e-05
1.2211024113639724e-05
1.2262457858014386e-05
1.2123760825488716e-05
1.1804324458353221e-05
1.173347936855862e-05
1.1854449439852033e-05
1.171531494037481e-05
1.1753382750612218e-05
1.1870975868077949e-05
1.1791716133302543e-05
1.173411055788165e-05
1.1873668881889898e-05
1.192607669509016e-05
1.2021311704302207e-05
1.1886847460118588e-05
1.1798273590102326e-05
1.1740111403923947e-05
1.1591652764764149e-05
1.125812741520349e-05
1.1284514584986027e-05
1.1436175554990768e-05
1.1255223398620728e-05
1.1130564416816924e-05
1.1043664017051924e-05
1.1163007002323866e-05
1.1202727364434395e-05
1.1150769751111511e-05
1.1064912541769445e-05
1.1070148502767552e-05
1.1119063856313005e-05
1.1042960977647454e-05
1.117234023695346e-05
1.1301436643407214e-05
1.142130440712208e-05
1.1767726391553879e-05
1.2152016097388696e-05
1.2386074558889959e-05
1.2231904293003026e-05
1.184454686153913e-05
1.1479920431156643e-05
1.123677702707937e-05
1.1229714800720103e-05
1.1168273886141833e-05
1.1013196854037233e-05
1.1019067642337177e-05
1.112162135541439e-05
1.1235777492402121e-05
1.1153332707181107e-05
1.1153107152495068e-05
1.1271057701378595e-05
1.155743211711524e-05
1.1746476047846954e-05
1.2148761925345752e-05
1.2972311196790542e-05
1.4020406524650753e-05
1.5046992302814033e-05
1.571546818013303e-05
1.7294660210609436e-05
1.9828758013318293e-05
2.1218173060333356e-05
2.042599589913152e-05
1.8386021110927686e-05
1.6249114196398295e-05
1.461958254367346e-05
1.3605451385956258e-05
1.3088269042782485e-05
1.3138921531208325e-05
1.3807512004859746e-05
1.4873709915264044e-05
1.6286368918372318e-05
1.7706221115076914e-05
1.811305628507398e-05
1.7942231352208182e-05
1.6769208741607144e-05
1.5199767403828446e-05
1.386407620884711e-05
1.2846448953496292e-05
1.2142985724494793e-05
1.151500237028813e-05
1.1158828783663921e-05
1.1697300578816794e-05
1.3202625268604606e-05
1.402426278218627e-05
1.3317870980245061e-05
1.2156277989561204e-05
1.168312428490026e-05
1.1790244570875075e-05
1.1662403267109767e-05
1.117641841119621e-05
1.1441830793046393e-05
1.2265777513675857e-05
1.2460428479244001e-05
1.2618549590115435e-05
1.3217986634117551e-05
1.430282645742409e-05
1.5619660189258866e-05
1.6925865566008724e-05
1.7915464923135005e-05
1.856601556937676e-05
1.921022885653656e-05
1.9491268176352605e-05
1.9705596059793606e-05
1.996129867620766e-05
2.0148581825196743e-05
1.9646406144602224e-05
1.8783424820867367e-05
1.6317999325110577e-05
1.3539187420974486e-05
1.1599301615206059e-05
1.0925302376563195e-05
1.0995957381965127e-05
1.1416042070777621e-05
1.180691469926387e-05
1.1916666153410915e-05
1.154036999650998e-05
1.1167790944455191e-05
1.092240654543275e-05
1.0863600437005516e-05
1.0870129699469544e-05
1.1037954209314194e-05
1.1173152415722143e-05
1.0906239367614035e-05
1.0710696187743451e-05
1.0848420060938224e-05
1.0906735951721203e-05
1.1008824003511108e-05
1.1016322787327226e-05
1.0957899576169439e-05
1.0840983122761827e-05
1.0949295756290667e-05
1.0916500286839437e-05
1.0857389497687109e-05
1.0895200830418617e-05
1.1020702004316263e-05
1.1345414350216743e-05
1.1967368664045352e-05
1.2426612556737382e-05
1.2485529623518232e-05
1.2221175893500913e-05
1.2023071576550137e-05
1.2166216947662178e-05
1.2463659004424699e-05
1.2661754226428457e-05
1.3089064850646537e-05
1.3455633052217308e-05
1.4055355677555781e-05
1.4830930922471453e-05
1.509534013166558e-05
1.4507823834719602e-05
1.3459473848342896e-05
1.2494923794292845e-05
1.1703822565323208e-05
1.1065088983741589e-05
1.0669939911167603e-05
1.0749260582088027e-05
1.090203568310244e-05
1.0755790754046757e-05
1.0440127880428918e-05
1.0703955922508612e-05
1.0774339898489416e-05
1.0528150596655905e-05
1.060524027707288e-05
1.0760777513496578e-05
1.051248636940727e-05
1.0500827556825243e-05
1.0621475666994229e-05
1.0437655873829499e-05
1.0582851245999336e-05
1.0671319614630193e-05
1.0708831723604817e-05
1.0819374438142404e-05
1.0681847925297916e-05
1.0577540706435684e-05
1.0850481885427143e-05
1.110405082727084e-05
1.1917793926841114e-05
1.4643132999481168e-05
1.981555760721676e-05
2.7108539143227972e-05
3.612302680267021e-05
4.9092799599748105e-05
6.69547516736202e-05
8.859724039211869e-05
0.0001100804001907818
0.00012743004481308162
0.00012881215661764145
0.00010227973689325154
6.134180148364976e-05
2.5220104362233542e-05
1.1231736607442144e-05
1.8163238564739004e-05
3.143723733955994e-05
3.50205555150751e-05
2.3591717763338238e-05
1.234991941601038e-05
1.438649542251369e-05
2.4739207219681703e-05
2.9734097552136518e-05
2.313420372956898e-05
1.3816824321111199e-05
1.2683552085945848e-05
1.8582639313535765e-05
2.1942965759080835e-05
1.7416752598364837e-05
1.1984576303802896e-05
1.1702917618094943e-05
1.5894915122771636e-05
1.8314689441467635e-05
1.4599657333747018e-05
1.1365391401341185e-05
1.1920072211069055e-05
1.3989715625939425e-05
1.468397840653779e-05
1.3619378478324506e-05
1.182301730295876e-05
1.1439512491051573e-05
1.2198514923511539e-05
1.2597774002642836e-05
1.2407036592776421e-05
1.1743809409381356e-05
1.110251741920365e-05
1.1216945495107211e-05
1.1944855941692367e-05
1.217626231664326e-05
1.1031671419914346e-05
1.1120748240500689e-05
1.1577907571336254e-05
1.0907808245974593e-05
1.1028845619875938e-05
1.166977654065704e-05
1.1421482668083627e-05
1.0922804904112127e-05
1.0918626685452182e-05
1.1186600204382557e-05
1.1055597497033887e-05
1.0956121514027473e-05
1.1092594832007308e-05
1.0840973118320107e-05
1.114909719035495e-05
1.1527138667588588e-05
1.1148939847771544e-05
1.060193153534783e-05
1.1108204489573836e-05
1.1796578291978221e-05
1.1774301128752995e-05
1.14954418677371e-05
1.099887776945252e-05
1.06387997220736e-05
1.0857293091248721e-05
1.1490228644106537e-05
1.175213765236549e-05
1.1381196600268595e-05
1.1104067198175471e-05
1.1267680747550912e-05
1.1062680641771294e-05
1.0935174032056239e-05
1.0766671948658768e-05
1.050523223966593e-05
1.0582885806798004e-05
1.0598952940199524e-05
1.0661984561011195e-05
1.0755084986158181e-05
1.0530090548854787e-05
1.0603946066112258e-05
1.0839611604751553e-05
1.0659518011379987e-05
1.0585567906673532e-05
1.0669954463082831e-05
1.056307246471988e-05
1.0506568287382834e-05
1.0606351679598447e-05
1.0880158697545994e-05
1.0971491064992733e-05
1.0608264346956275e-05
1.0447406566527206e-05
1.0584517440292984e-05
1.0559888323768973e-05
1.045274348143721e-05
1.045475983119104e-05
1.065368178387871e-05
1.076723219739506e-05
1.0678017133614048e-05
1.0537498383200727e-05
1.0433099305373617e-05
1.0528236089157872e-05
1.0448427929077297e-05
1.0442379789310507e-05
1.0638905223459005e-05
1.0680074410629459e-05
1.0507239494472742e-05
1.0793224646477029e-05
1.0833517990249675e-05
1.0827009646163788e-05
1.086265365302097e-05
1.0428685527585912e-05
1.0293078048562165e-05
1.0508572813705541e-05
1.0573576219030656e-05
1.1115910638181958e-05
1.1310414265608415e-05
1.1035334864573088e-05
1.0797260074468795e-05
1.0554625987424515e-05
1.0243866199743934e-05
1.0681365893105976e-05
1.1502811503305566e-05
1.27423672893201e-05
1.3256610145617742e-05
1.249041179107735e-05
1.1105269550171215e-05
1.033586340781767e-05
1.0276015018462203e-05
1.085217809304595e-05
1.1201349479961209e-05
1.0954789104289375e-05
1.0582223694655113e-05
1.0320074579794891e-05
1.019399678625632e-05
1.0162629223486874e-05
1.0218579518550541e-05
1.0364287845732179e-05
1.040615370584419e-05
1.0196221410296857e-05
1.0282808034389745e-05
1.0706510693125892e-05
1.1378893759683706e-05
1.1807240298367105e-05
1.2126260116929188e-05
1.2132100891903974e-05
1.1876672942889854e-05
1.1501661902002525e-05
1.1336832358210813e-05
1.088967746909475e-05
1.0320482942915987e-05
1.0419427781016566e-05
1.0964341527142096e-05
1.0819033377629239e-05
1.0942878361674957e-05
1.0925366950687021e-05
1.0160240890400019e-05
1.0536173249420244e-05
1.1130108759971336e-05
1.0809510058606975e-05
1.0593902516120579e-05
1.0520404430280905e-05
1.0364917216065805e-05
1.0213283530902117e-05
1.0370384188718162e-05
1.0525493962632027e-05
1.0458117685629986e-05
1.0270319762639701e-05
1.0076752005261369e-05
9.98103405436268e-06
1.0025097253674176e-05
1.0012779966928065e-05
1.0004685464082286e-05
1.0014637155109085e-05
9.996242624765728e-06
1.0006790034822188e-05
1.006543607218191e-05
1.0148584806302097e-05
1.0263150215905625e-05
1.0360779015172739e-05
1.0328391908842605e-05
1.0646514056134038e-05
1.101190264307661e-05
1.1957553397223819e-05
1.3061114259471651e-05
1.4280076356953941e-05
1.5320454622269608e-05
1.6212696209549904e-05
1.6287700418615714e-05
1.602698102942668e-05
1.4928077689546626e-05
1.3423104064713698e-05
1.2342215995886363e-05
1.1569831258384511e-05
1.1461473150120582e-05
1.1176923180755693e-05
1.0749939974630252e-05
1.0742437552835327e-05
1.0445817679283209e-05
1.0368547918915283e-05
1.116308067139471e-05
1.1984740012849215e-05
1.2673454875766765e-05
1.2891900041722693e-05
1.2580217116919812e-05
1.20225904538529e-05
1.1822286978713237e-05
1.14936983663938e-05
1.1399628419894725e-05
1.1319234545226209e-05
1.1390704457880929e-05
1.1456250831543002e-05
1.1475534847704694e-05
1.1329863809805829e-05
1.0604800991131924e-05
1.0090231626236346e-05
9.944364137481898e-06
9.910776498145424e-06
9.975045941246208e-06
1.007113041850971e-05
9.931187378242612e-06
9.906460945785511e-06
1.0002114322560374e-05
1.0056928658741526e-05
1.0063833542517386e-05
1.003669331112178e-05
9.92255809251219e-06
9.889586181088816e-06
9.835159289650619e-06
9.91467823041603e-06
1.0023599315900356e-05
1.0097226549987681e-05
1.0028656106442213e-05
9.961346222553402e-06
9.86547729553422e-06
9.931138265528716e-06
9.86131726676831e-06
9.84866164799314e-06
9.782791494217236e-06
1.0282387847837526e-05
1.06757352114073e-05
1.1111431376775727e-05
1.1317745702399407e-05
1.1161291695316322e-05
1.0835332432179712e-05
1.0860966540349182e-05
1.1298776371404529e-05
1.2077847713953815e-05
1.3152137398719788e-05
1.488608086219756e-05
1.6873593267519027e-05
1.8366972653893754e-05
1.958249595190864e-05
1.9896318917744793e-05
1.9153896573698148e-05
1.759773113008123e-05
1.5811778212082572e-05
1.3856220903107896e-05
1.2177131793578155e-05
1.090963814931456e-05
1.0265624041494448e-05
1.0112144991580863e-05
1.0282059520250186e-05
1.0873576684389263e-05
1.1666900718410034e-05
1.2522893484856468e-05
1.2981946383661125e-05
1.2753184819302987e-05
1.1874342817463912e-05
1.061477632902097e-05
9.875625437416602e-06
9.724775736685842e-06
9.77090257947566e-06
9.882954145723488e-06
1.0216081136604771e-05
1.05906301541836e-05
1.1023068509530276e-05
1.1443757102824748e-05
1.1976370842603501e-05
1.2571373190439772e-05
1.3018539902986959e-05
1.31413708004402e-05
1.2523431905719917e-05
1.135614002123475e-05
1.0455479241500143e-05
9.948107617674395e-06
9.669844985182863e-06
9.62738340604119e-06
9.683078133093659e-06
9.777495506568812e-06
9.940978088707197e-06
1.0053140613308642e-05
1.0084848327096552e-05
1.0024344192061108e-05
1.0048135663964786e-05
1.0158839359064586e-05
1.028639599098824e-05
1.0549953913141508e-05
1.1090583029726986e-05
1.2095596503058914e-05
1.3873111129214521e-05
1.5823536159587093e-05
1.8169632312492467e-05
2.1858895706827752e-05
2.6479312509763986e-05
3.1317398679675534e-05
3.4338099794695154e-05
3.47879649780225e-05
3.401377034606412e-05
3.171659409417771e-05
2.841699097189121e-05
2.5057432139874436e-05
2.0065659555257298e-05
1.4745801308890805e-05
1.0903268048423342e-05
1.0110824405273888e-05
1.120227352657821e-05
1.4433886462938972e-05
1.870791857072618e-05
2.0761350242537446e-05
1.9988718122476712e-05
1.6735117242205888e-05
1.3504180969903246e-05
1.1302592611173168e-05
9.877921002043877e-06
9.804173714655917e-06
1.0419887985335663e-05
1.0915970051428303e-05
1.0928314623015467e-05
1.0419174941489473e-05
9.897566997096874e-06
9.682565178081859e-06
9.815393241296988e-06
9.887457963486668e-06
9.877762749965768e-06
9.853441042650957e-06
9.68913172982866e-06
9.705777301860508e-06
9.668215170677286e-06
9.531903742754366e-06
9.605566447135061e-06
9.793376193556469e-06
9.964463060896378e-06
1.0143614417756908e-05
1.0145264241145924e-05
9.734674677019939e-06
9.495295671513304e-06
9.538891390548088e-06
9.701235285319854e-06
9.625585335015785e-06
9.441786460229196e-06
9.62037574936403e-06
9.554556527291425e-06
9.455652616452426e-06
9.616695024305955e-06
9.645530553825665e-06
9.546624823997263e-06
9.568626410327852e-06
9.632606634113472e-06
9.520555977360345e-06
9.483549547439907e-06
9.605726518202573e-06
9.544074600853492e-06
9.470944860368036e-06
9.507572030997835e-06
9.5091954790405e-06
9.523956578050274e-06
9.596087693353184e-06
9.546271940052975e-06
9.57059000938898e-06
9.698710528027732e-06
9.912126188282855e-06
1.000748306978494e-05
1.0092468073708005e-05
1.0231789019599091e-05
1.0491266039025504e-05
1.0982216736010741e-05
1.2006710676359944e-05
1.3159894479031209e-05
1.4412183190870564e-05
1.5819134205230512e-05
1.793803858163301e-05
1.9927729226765223e-05
2.103253973473329e-05
2.0930143364239484e-05
2.002106703002937e-05
1.8280472431797534e-05
1.65184883371694e-05
1.510234778834274e-05
1.433663328498369e-05
1.362230432278011e-05
1.2151220289524645e-05
1.0789682164613623e-05
1.0000697329815011e-05
9.751917787070852e-06
9.602653335605282e-06
9.409801350557245e-06
9.412141480424907e-06
9.598173164704349e-06
9.962287549569737e-06
1.0706227840273641e-05
1.1487021765788086e-05
1.2474640243453905e-05
1.352053732261993e-05
1.3601623322756495e-05
1.3037124517722987e-05
1.1700079994625412e-05
1.0665829904610291e-05
9.968562153517269e-06
9.598867109161802e-06
9.709110599942505e-06
9.857094482867979e-06
9.922123354044743e-06
1.0107402886205819e-05
1.0363428373239003e-05
1.0574357474979479e-05
1.0834296517714392e-05
1.1605130566749722e-05
1.2493421309045516e-05
1.301381053053774e-05
1.2933533980685752e-05
1.1951157830480952e-05
1.0939351341221482e-05
1.01538698800141e-05
9.688912541605532e-06
9.667202903074212e-06
9.396134373673704e-06
9.445673640584573e-06
9.878427590592764e-06
1.0586771168163978e-05
1.2070359844074119e-05
1.4013373402121942e-05
1.563649311719928e-05
1.6346244592568837e-05
1.6595047782175243e-05
1.7336518794763833e-05
1.9361295926501043e-05
2.1274769096635282e-05
2.246025178465061e-05
2.3172706278273836e-05
2.4249857233371586e-05
2.5254805223084986e-05
2.5166847990476526e-05
2.32819038501475e-05
2.101355858030729e-05
1.9429102394497022e-05
1.867903847596608e-05
1.8395532606518827e-05
1.896311732707545e-05
2.0560635675792582e-05
2.19762914639432e-05
2.105156636389438e-05
1.8750290109892376e-05
1.6260713891824707e-05
1.4271078725869302e-05
1.2945312846568413e-05
1.1962082680838648e-05
1.2153429452155251e-05
1.27126140796463e-05
1.2049390534230042e-05
1.0971556548611261e-05
1.0099270184582565e-05
9.520954336039722e-06
9.482610948907677e-06
9.961932846636046e-06
1.068356868927367e-05
1.1967013961111661e-05
1.351871105725877e-05
1.4575529348803684e-05
1.4598817870137282e-05
1.4661753084510565e-05
1.4775969248148613e-05
1.3941204088041559e-05
1.2333499398664571e-05
1.1336192073940765e-05
1.035499280988006e-05
9.846889952314086e-06
1.2097334547434002e-05
1.2728343790513463e-05
1.1384744539100211e-05
1.2767430234816857e-05
1.2724487532977946e-05
1.1671642823785078e-05
1.3056428542768117e-05
1.2225792488607112e-05
1.0929185918939766e-05
1.355401491309749e-05
1.3586991371994372e-05
1.1373158486094326e-05
1.2786365005013067e-05
1.122399862651946e-05
9.337299161416013e-06
1.1310210538795218e-05
1.0612877304083668e-05
1.0578222827462014e-05
1.2050370969518553e-05
1.05557983260951e-05
9.933169167197775e-06
1.0658213795977645e-05
1.0163896149606444e-05
1.0011508493334986e-05
1.0196813491347712e-05
9.598826181900222e-06
9.869524546957109e-06
1.0624647075019311e-05
1.0774559086712543e-05
1.079289722838439e-05
1.0078143532155082e-05
9.482505447522271e-06
9.254010365111753e-06
9.087782927963417e-06
9.621172466722783e-06
1.0185330211243127e-05
1.0596019819786306e-05
1.0991484487021808e-05
1.111845631385222e-05
1.1168724995513912e-05
1.0780645425256807e-05
1.0230775842501316e-05
1.0124205800821073e-05
1.0248870239593089e-05
1.027445887302747e-05
1.0404181921330746e-05
1.0343528629164211e-05
1.0380555977462791e-05
1.0612284313538112e-05
1.0913576261373237e-05
1.0932041732303333e-05
1.0690948329283856e-05
1.0281349204888102e-05
9.80882305157138e-06
9.469436918152496e-06
9.375537956657354e-06
9.19101330509875e-06
9.023550774145406e-06
9.218606464855839e-06
9.677271009422839e-06
9.983225027099252e-06
9.974325621442404e-06
9.984535608964507e-06
1.027744474413339e-05
1.0864786418096628e-05
1.1058206837333273e-05
1.091193644242594e-05
1.0776797353173606e-05
1.0646415830706246e-05
1.051970411936054e-05
1.0463179933140054e-05
1.0272618965245783e-05
1.03516795206815e-05
1.0310879588359967e-05
1.0104003195010591e-05
9.678458809503354e-06
9.227884220308624e-06
9.072602551896125e-06
8.907648407330271e-06
8.998290468298364e-06
9.17241231945809e-06
9.192425750370603e-06
9.160443369182758e-06
9.31760405364912e-06
9.232661795977037e-06
8.97120207810076e-06
9.192791367240716e-06
9.43261602515122e-06
9.367371603730135e-06
9.471858902543318e-06
9.885850886348635e-06
9.90875378192868e-06
9.845801287156064e-06
9.736641004565172e-06
9.293918083130848e-06
9.121255061472766e-06
9.12482755666133e-06
9.01608382264385e-06
8.947813512349967e-06
8.90926912688883e-06
9.051989763975143e-06
8.968420843302738e-06
9.062947356142104e-06
