0.0030771336363007626
0.005655501852743328
0.004729635315015912
0.002511549391783774
0.006576173900005718
0.008429587508241335
0.00888383916268746
0.009595206977489093
0.009938879869878292
0.015549080446362495
0.011427649529650807
0.015244661519924799
0.015526845585554838
0.019520715655138094
0.017164141094932955
0.020245619894315798
0.019995404096941154
0.02591459018488725
0.02280983127032717
0.024066457835336525
0.02484604235117634
0.02822013075153033
0.03016378466660778
0.023911649050811928
0.029384906714161236
0.02840939350426197
0.03429869965960582
0.026486160544057686
0.031326803378760815
0.028924070453892153
0.036494762636721134
0.03423445671796799
0.03394808806478977
0.039926168974488974
0.03806757399191459
0.04554933294033011
0.03590228781104088
0.047864933808644615
0.04255334039529165
0.05061102549855908
0.046830023638904095
0.04928774666041136
0.0563148424650232
0.04674342771371206
0.06175152181337277
0.04528454598039389
0.0654948807011048
0.052705303144951664
0.06055354544272026
0.05910821072757244
