0.21867374
-0.07907818
0.26523957
-0.03506555
0.29290304
0.066887215
0.019828208
-0.07332328
-0.060426436
-0.005912792
0.39529955
-0.060392328
0.34558168
-0.007261326
0.14530227
0.024013367
0.21191165
-0.14845645
0.018249493
-0.10965371
0.38708207
0.065523975
0.2920427
0.034733206
0.19232503
-0.053551637
0.38592732
-0.14925762
0.19228388
-0.17695175
0.20693292
0.07588843
0.20445596
0.012117641
0.35825267
-0.057071444
0.49910423
0.020497007
0.32574272
-0.20121215
0.102774605
-0.006498104
0.23969553
-0.031288464
0.38257352
0.04314843
0.359146
0.16023184
0.47492245
-0.11515046
0.23385568
-0.08003962
0.3360923
-0.020340549
0.22533436
0.06341976
0.18407866
0.14242207
0.47198537
0.11826594
0.40271324
-0.05048192
0.31654817
0.030162433
0.13306841
-0.0065750442
0.001870786
0.06025932
0.3229356
0.20106402
0.37170982
0.06976715
0.217582
0.022932753
0.25336316
-0.06686406
0.004522288
-0.06353457
0.18820146
0.17500587
0.1896433
0.06797344
0.21873716
-0.0235656
0.39447346
-0.026740579
0.18911125
-0.14411445
0.013538007
0.10710874
0.113735765
-0.017633175
0.31800124
-0.02970075
0.3323701
0.063260525
0.3634316
-0.15924212
-0.06032079
0.002672842
0.2625283
-0.07921587
0.3351411
0.021093827
0.16884117
0.041829254
0.50012535
-0.014507169
0.0052675772
-0.10274791
0.41121304
-0.028875312
0.23812866
0.030893171
0.16276184
-0.03797078
0.3822648
0.15145266
0.18025663
-0.17174368
0.33976838
0.0741005
0.20506415
-0.012891574
0.32394066
-0.064422436
0.20858218
0.14828077
0.31675372
-0.20133026
0.16044968
0.051508263
0.29377985
-0.03456492
0.39666933
0.021157652
0.017370895
0.07252194
0.46492928
-0.12588593
0.13829535
-0.03675961
0.345243
0.008204458
0.26190585
0.067227505
-0.00083768426
-0.050848804
0.48239705
0.10722145
0.3085511
-0.07646014
0.26346868
0.03494273
0.13469109
0.010379199
0.1749669
-0.13712302
0.3333666
0.20208056
0.41451293
0.006344528
0.20001937
-0.0008165522
0.21775423
-0.06175064
0.3535663
-0.15892239
0.20427126
0.18319507
0.29170564
0.077521354
0.2670158
-0.03517058
0.378013
-0.046901494
0.49641633
-0.02524779
0.0336676
0.117653765
0.12836702
0.029430185
0.34587878
-0.006311763
0.36451992
0.054598976
0.3873417
0.14569212
-0.060152806
0.01632441
0.17162587
-0.05816018
0.29029587
0.03488317
0.1994463
0.05627009
0.21079084
0.14522956
-0.015752729
-0.09096204
0.35295725
-0.072672695
0.20388576
0.011338288
0.14153114
-0.020054396
0.019127462
0.06881683
0.1556926
-0.16356786
0.40839973
0.037978776
0.24128224
-0.031666264
0.28392223
-0.067206405
0.007098809
-0.05505779
0.29541796
-0.20339507
0.25067705
0.079719305
0.3370052
-0.019570582
0.3997289
-0.0061955415
0.1894493
-0.13818209
0.43689728
-0.15267366
0.10874152
0.013029118
0.31506926
0.030603986
0.30189666
0.06640378
0.36921728
-0.15113838
0.5082053
0.069144964
0.19670893
-0.0714376
0.21646003
0.022287365
0.14963533
0.02800949
0.49704564
0.00080775924
0.36232176
0.20083529
0.37830645
-0.06827489
0.21992427
-0.024185218
0.18534814
-0.050536584
0.36812964
0.15155302
0.24415123
0.20332523
0.39999706
0.054770898
0.31942672
-0.0292192
0.3514766
-0.059215542
0.18828619
0.13791637
0.09612728
0.14613315
0.22766164
0.079872556
0.33415237
0.02182955
0.38663128
0.038981732
0.0065309675
0.054455843
-0.049323604
0.06100362
0.101190135
0.0039734286
0.23658344
0.030480478
0.23308443
0.06477913
0.019559886
-0.06937261
-0.056474317
-0.046075527
0.21120536
-0.07732651
0.20571052
-0.013659225
0.13215226
-0.0028042411
0.2114311
-0.14555676
0.07326447
-0.1374269
0.3903295
-0.063943125
0.29550517
-0.03437807
0.24505283
-0.06624222
0.38779306
-0.14566444
0.2284392
-0.19831344
0.39272588
0.062445726
0.34486222
0.009139664
0.39172775
-0.031959966
0.4964574
0.02573584
0.34577772
-0.20601593
0.21462971
0.07825633
0.2617055
0.034801867
0.34039503
0.061847832
0.35339683
0.1591713
0.4929097
-0.09750277
0.10038571
-0.0020756072
0.20007806
-0.001632361
0.17527033
0.045505147
0.17498176
0.1373208
0.4579183
0.1360558
0.22322361
-0.07958901
0.26879576
-0.035257533
0.15712024
-0.034003027
-0.00095851865
0.05114747
0.31359142
0.20579723
0.39780557
-0.05766297
0.34613392
-0.0053568846
0.3152213
-0.06536094
0.01671569
-0.07224298
0.18324348
0.17642699
0.38280222
0.06701671
0.28854075
0.035014752
0.39830837
0.015292249
0.20768358
-0.14818525
0.011080432
0.10908474
0.20180063
0.07375952
0.20335428
0.0105540715
0.27063775
0.06736346
0.38131368
-0.15197243
-0.06551182
0.007280492
0.10553193
-0.009741344
0.24288806
-0.032026034
0.13697666
0.014224512
0.5003205
0.012976288
-0.011144437
-0.09691316
0.24216996
-0.07995955
0.33787882
-0.018784301
0.21031912
-0.059776414
0.36448812
0.15894331
0.15998223
-0.16741951
0.405787
-0.044392545
0.31356516
0.031025315
0.37296394
-0.050261512
0.19030495
0.14447616
0.29521418
-0.20623595
0.3624829
0.07136334
0.21537219
0.021629727
0.3702916
0.051783897
0.0052032154
0.064246796
0.43377557
-0.1570437
0.18044725
0.06310368
0.22114332
-0.024791086
0.2066934
0.058690563
0.0013861861
-0.05953557
0.5120252
0.06293476
0.12097151
-0.023660213
0.3208233
-0.028717494
0.13833575
-0.016140858
0.18306363
-0.14204216
0.3676187
0.20126887
0.27772805
-0.07837239
0.33312634
0.022547172
0.27500525
-0.0673564
0.35832042
-0.16037156
0.25279176
0.20870748
0.4135099
-0.017092658
0.23506069
0.03005034
0.39891383
-0.012317966
0.4988632
-0.021596782
0.113573775
0.15494604
0.32321042
0.075461455
0.20639499
-0.014420369
0.31084248
0.065750785
0.38658342
0.14881787
-0.04180653
0.077172786
0.148014
0.043499254
0.2972183
-0.034172516
0.15451445
0.0320234
0.21247405
0.14843883
-0.06732289
-0.026415566
0.1502739
-0.045005474
0.34443983
0.010066728
0.17854892
-0.047235243
0.020246373
0.073397234
0.033260506
-0.12281761
0.3263899
-0.07522564
0.25994977
0.03464289
0.34418514
-0.061049625
0.00024435602
-0.04992629
0.19815671
-0.1874471
0.41316822
0.019385088
0.20017622
-0.0024474997
0.39017275
0.03438775
0.17599039
-0.1363817
0.31737515
-0.2116408
0.27476844
0.07854691
0.27057937
-0.03532638
0.24103771
0.06583175
0.35544196
-0.15733282
0.45785862
-0.14024213
0.11949531
0.022469867
0.34634668
-0.00439711
0.13196912
0.0009490498
0.496402
-0.021262353
0.49749646
0.09554912
0.18226407
-0.064091176
0.28677776
0.035127867
0.2369861
-0.06533705
0.3839969
0.14628202
0.352381
0.21051647
0.3643616
-0.07107056
0.202862
0.009765178
0.3884464
-0.036765896
0.20640166
0.14330404
0.24569154
0.21110809
0.40521112
0.045641657
0.2445122
-0.0323677
0.34793878
0.06015927
0.016313508
0.065402895
0.109647594
0.15618761
0.24049048
0.07999253
0.33871284
-0.017982049
0.18196397
0.04894043
0.010406872
-0.05867164
-0.043812238
0.07985133
0.10493714
0.009091767
0.31203693
0.03142645
0.15197825
-0.029992053
0.19597554
-0.139856
-0.07352384
-0.02044318
0.2028128
-0.074202545
0.214319
0.02096042
0.30632633
-0.066103324
0.3751562
-0.14897545
0.014412237
-0.116393015
0.38367087
-0.066746265
0.22239342
-0.025382666
0.399395
0.009233842
0.49688166
0.009394181
0.1809471
-0.18188465
0.39734432
0.05821865
0.3221906
-0.028195646
0.27950636
0.067302614
0.3625098
0.15380786
0.30117375
-0.21418063
0.22233935
0.07951411
0.33206332
0.023246493
0.13987908
0.018115396
0.18245898
0.13677031
0.43363777
-0.16225035
0.10026263
0.0016872728
0.23356126
0.02960298
0.20301062
-0.05750315
0.0037246123
0.051695414
0.5167136
0.0587515
0.21535397
-0.078430355
0.20711735
-0.015174528
0.367432
-0.053252634
0.021236809
-0.071873866
0.3745095
0.20475052
0.39321113
-0.06210516
0.2989178
-0.033948135
0.37558004
0.048608907
0.21381986
-0.14710936
0.26897234
0.2211784
0.38978848
0.06424377
0.34397572
0.010984583
0.21406513
0.06081362
0.38920948
-0.14600436
0.15287943
0.17694761
0.21046296
0.07710226
0.2582028
0.034465756
0.13573937
-0.012272817
0.49694377
0.026884194
-0.00872592
0.111909844
0.10141201
-0.0043975455
0.20031367
-0.0032616185
0.2661976
-0.06732138
0.3535028
0.16022946
-0.086884886
0.022144288
0.22867702
-0.079918765
0.27236548
-0.035377212
0.39754862
-0.018290982
0.1761992
0.13869767
-0.066269524
-0.0666379
0.40047064
-0.05408819
0.346517
-0.0034335172
0.319664
0.06491233
-0.0011034935
0.053420413
0.06458266
-0.14655818
0.3772511
0.06854085
0.28500816
0.035222556
0.15991642
0.036020875
0.012675095
-0.07011618
0.20471248
-0.20757326
0.19554627
0.07088769
0.20240891
0.008971955
0.17197737
-0.04367137
0.20199218
-0.14731123
0.2913302
-0.23431401
0.10951973
-0.013783043
0.24615408
-0.032691207
0.33638903
-0.06259614
0.3755057
-0.15482993
0.391968
-0.20199335
0.25262427
-0.079649635
0.33950695
-0.017164258
0.39318597
0.029367156
0.5010165
0.003764113
0.52711254
-0.03236602
0.40892786
-0.036494665
0.31048512
0.031807583
0.2492294
0.06659128
0.37064558
0.15685526
0.42228615
0.17795435
0.35078165
0.072936416
0.21330081
0.020279545
0.13252515
0.004709989
0.19698964
0.14625321
0.3031726
0.22639433
0.16970012
0.057047445
0.22367488
-0.025959685
0.22913715
-0.06412985
0.009318478
0.06783982
0.20536958
0.20185758
0.1300294
-0.030689556
0.3235274
-0.02765334
0.3846408
-0.04114439
-0.0004990371
-0.055823136
0.05710961
0.13993493
0.29467165
-0.077337734
0.33096337
0.023927154
0.354972
0.058170106
0.17847528
-0.14004815
-0.06760654
0.0544034
0.41460508
-0.0040868083
0.23208597
0.029138342
0.1888611
0.05210016
0.3548647
-0.16060527
-0.074176066
-0.039856613
0.30552053
0.07665533
0.20787784
-0.01592139
0.1473714
-0.025982251
0.49764046
-0.025792008
0.03399925
-0.12956442
0.13641807
0.03540879
0.30060324
-0.0337047
0.2973443
-0.06666943
0.38891318
0.14688297
0.19112004
-0.19287133
0.16250196
-0.052766584
0.34346986
0.011892711
0.3999343
0.003062631
0.21416178
0.14794052
0.2971633
-0.22290163
0.34229848
-0.07385608
0.2564651
0.034270406
0.2884651
0.06706549
0.021494627
0.073034436
0.41739237
-0.17933127
0.4107448
0.030641258
0.20049056
-0.0040744883
0.1433695
0.022053897
0.001963308
-0.050376873
0.52690375
0.02538038
0.26024392
0.07932705
0.2741534
-0.035410035
0.19582318
-0.054930918
0.17892376
-0.13632189
0.39333645
0.19789958
0.112725176
0.016742265
0.34664544
-0.0024664535
0.36140892
-0.055893466
0.3588694
-0.1554446
0.2868478
0.22833975
0.19100429
-0.068663515
0.28323227
0.035299238
0.38038513
0.045051362
0.49664548
-0.015258426
0.18780114
0.19567317
0.37301528
-0.069502294
0.20199434
0.00817458
0.22157395
0.06263491
0.37940055
0.14756761
0.03488827
0.13308348
0.40221986
0.051334593
0.24781288
-0.032996837
0.13378266
-0.008447463
0.2008451
0.14132442
-0.07657251
0.04694004
0.23265655
0.08002818
0.3402616
-0.01633139
0.25755146
-0.06707416
0.013051861
0.061642177
-0.07920574
-0.041172747
0.10242583
0.006020649
0.30891046
0.03216916
0.39562672
-0.024026876
0.013800243
-0.0624943
0.025410622
-0.1285839
0.20771407
-0.07617961
0.21231729
0.019587707
0.32825512
0.0638637
0.20216416
-0.141761
0.18169151
-0.19158015
0.38770106
-0.0652633
0.2249862
-0.026522132
0.16579194
0.039944056
0.380518
-0.14722607
0.2850118
-0.22627604
0.39487055
0.060785037
0.32483372
-0.02709101
0.16571131
-0.039892856
0.49657863
0.016756315
0.3933314
-0.19675328
0.21795805
0.07896199
0.3298278
0.024589213
0.32814327
-0.06387908
0.3579779
0.15588784
0.5266025
-0.02394194
0.100009985
-0.00034895315
0.23063496
0.028656948
0.39565575
0.023952795
0.17810832
0.13627344
0.4161449
0.17933199
0.21940245
-0.0791863
0.20867574
-0.016660634
0.25766486
0.067078926
0.0015276925
0.050154246
0.2951462
0.22143751
0.39572674
-0.05998193
0.30227354
-0.033442248
0.13380434
0.008497988
0.021370387
-0.073225394
0.18587412
0.18952852
0.38643643
0.06578232
0.34292284
0.012790533
0.22147316
-0.062612735
0.21399088
-0.14810815
0.026115991
0.1257774
0.20612977
0.07557968
0.25473756
0.034057107
0.3803245
-0.045101315
0.38858148
-0.14723934
-0.075953394
0.03497501
