0.5713488459587097
0.17708957195281982
0.1379353106021881
0.13752226531505585
0.14837829768657684
0.10515211522579193
0.05870499089360237
0.03057379461824894
0.017462870106101036
0.012676185928285122
0.012242404744029045
0.014136125333607197
0.017287060618400574
0.020859939977526665
0.024020850658416748
0.025996677577495575
0.026248477399349213
0.024555958807468414
0.021344918757677078
0.017339901998639107
0.0132127171382308
0.00953660998493433
0.006704720668494701
0.0047847311943769455
0.0037198341451585293
0.003336577909067273
0.0034382478334009647
0.00381955923512578
0.004328466951847076
0.004833581857383251
0.005252715665847063
0.005549609195441008
0.0057118134573102
0.0057486784644424915
0.005681090988218784
0.00553558673709631
0.005330000538378954
0.005077451933175325
0.004807694815099239
0.0045222630724310875
0.00424357783049345
0.0039672041311860085
0.003709417302161455
0.00348266982473433
0.003274917835369706
0.003093563951551914
0.0029474401380866766
0.0028327289037406445
0.002735086949542165
0.0026572667993605137
0.0025950067210942507
0.00253345281817019
0.002475044224411249
0.0024136328138411045
0.002346883062273264
0.002266894094645977
0.0021818624809384346
0.002088978188112378
0.0019946005195379257
0.0019018265884369612
0.0018181002233177423
0.0017411307198926806
0.0016737334663048387
0.0016216078074648976
0.0015777613734826446
0.0015384963480755687
0.0015068002976477146
0.001468300586566329
0.0014334771549329162
0.0013876184821128845
0.0013398771407082677
0.001289014471694827
0.0012316241627559066
0.0011813696473836899
0.001130236079916358
0.0010870194528251886
0.0010492719011381269
0.0010166061110794544
0.000989554333500564
0.0009691300219856203
0.0009471967350691557
0.0009291491005569696
0.0009114797576330602
0.0008940914995037019
0.0008758068433962762
0.0008581537986174226
0.0008406792185269296
0.000826369971036911
0.0008129356428980827
0.0008030411554500461
0.0007941749645397067
0.000788533128798008
0.0007830719114281237
0.0007784970803186297
0.0007745590410195291
0.0007694466621614993
0.0007648107712157071
0.0007605435675941408
0.0007564930128864944
0.000753027678001672
0.0007502325461246073
0.000748750870116055
0.0007471276912838221
0.0007464736700057983
0.0007459397893399
0.0007447493262588978
0.0007443869835697114
0.0007428979151882231
0.0007420575129799545
0.0007407822413370013
0.00073954404797405
0.0007387526566162705
0.0007380105671472847
0.0007375705172307789
0.0007370361709035933
0.0007364458288066089
0.0007354965782724321
0.0007349096704274416
0.0007342223543673754
0.0007330175139941275
0.0007314504473470151
0.0007304661558009684
0.0007296305848285556
0.0007286734180524945
0.000727625738363713
0.0007265227031894028
0.0007256868993863463
0.0007248244946822524
0.0007233190117403865
0.00072254374390468
0.0007212985656224191
0.0007200382533483207
0.0007194221252575517
0.0007180945831350982
0.0007168969605118036
0.0007160016684792936
0.0007153483456932008
0.0007143020047806203
0.000713445944711566
0.0007123671239241958
0.0007113903993740678
0.0007102847448550165
0.0007096649496816099
0.0007088434067554772
0.0007079229108057916
0.0007066022953949869
0.000705710903275758
0.00070480682188645
0.0007040736963972449
0.0007030646083876491
0.0007020806660875678
0.000701195327565074
0.0007004796643741429
0.0006992703420110047
0.0006984404753893614
0.0006978016463108361
0.0006969997193664312
0.0006959004094824195
0.0006950965034775436
0.0006941251922398806
0.0006930141244083643
0.0006922695320099592
0.0006913888501003385
0.0006904085166752338
0.0006897452985867858
0.0006886627525091171
0.0006876096595078707
0.0006868439959362149
0.0006859546410851181
0.0006852408405393362
0.0006843626615591347
0.0006833637016825378
0.0006824079900979996
0.0006814847001805902
0.000680583412759006
0.0006795324734412134
0.0006789018516428769
0.0006779368850402534
0.0006770241889171302
0.0006761920521967113
0.0006753518828190863
0.0006742909317836165
0.0006731956382282078
0.0006724700797349215
0.0006716723437421024
0.0006709760054945946
0.0006697413045912981
0.0006690607988275588
0.000667958112899214
0.0006672462332062423
0.000666787032969296
0.0006656819023191929
0.0006646714173257351
0.0006637106416746974
0.0006624925299547613
0.0006617913604713976
0.0006611965363845229
0.0006602864013984799
0.0006592049612663686
0.0006582577480003238
0.0006575353909283876
0.0006566732190549374
0.0006556777516379952
0.0006545739597640932
0.0006540308240801096
0.0006531704566441476
0.000652461894787848
0.000651404436212033
0.0006502627511508763
0.0006494165281765163
0.0006485942867584527
0.0006478403811343014
0.0006470049847848713
0.0006461014854721725
0.000645530759356916
0.0006447295309044421
0.0006433562375605106
0.0006426718318834901
0.000641862687189132
0.0006408308981917799
0.0006402564467862248
0.0006391126662492752
0.0006383821018971503
0.0006372669013217092
0.0006367074092850089
0.0006359185208566487
0.0006348247407004237
0.0006340142572298646
0.0006333658820949495
0.0006321176770143211
0.000631346192676574
0.0006307092262431979
0.0006298314547166228
0.0006289776647463441
0.0006282143294811249
0.0006272255559451878
0.0006262541864998639
0.0006254243780858815
0.0006246446864679456
0.0006239493959583342
0.00062278046971187
0.0006222735391929746
0.0006214382592588663
0.000620239763520658
0.0006195141468197107
0.0006187598337419331
0.0006176687311381102
0.0006170042906887829
0.0006161238416098058
0.0006153204594738781
0.0006142903584986925
0.0006136194569990039
0.0006127725937403738
0.0006122691556811333
0.000610990566201508
0.0006103861378505826
0.0006094534182921052
0.0006087289075367153
0.0006078684236854315
0.0006070095114409924
0.0006060578161850572
0.0006051425007171929
0.0006045952322892845
0.0006036921986378729
0.0006029612850397825
0.0006019356078468263
0.0006010931101627648
0.0006004852475598454
0.0005996372783556581
0.0005985909956507385
0.0005983095616102219
0.0005971274222247303
0.0005963973235338926
0.0005955558153800666
0.0005946381133981049
0.0005938684334978461
0.0005929759936407208
0.0005922503769397736
0.0005911886692047119
0.0005906189326196909
0.0005897317314520478
0.0005888276500627398
0.0005882809055037796
0.0005874867783859372
0.0005865507409907877
0.0005855461931787431
0.0005846392014063895
0.0005840889061801136
0.0005832155584357679
0.0005824111285619438
0.000581673695705831
0.0005807567504234612
0.0005801305524073541
0.0005791232688352466
0.0005786377005279064
0.0005775885656476021
0.0005768092814832926
0.000576048856601119
0.0005752683500759304
0.0005744160152971745
0.0005735760205425322
0.0005730888224206865
0.0005720444023609161
0.000571283046156168
0.000570591539144516
0.000569715048186481
0.0005687904777005315
0.000568282266613096
0.0005673671257682145
0.0005665484350174665
0.0005657275905832648
0.0005651116953231394
0.0005640934687107801
0.0005631753010675311
0.0005626046331599355
0.000561805791221559
0.0005611971719190478
0.0005603226600214839
0.0005593817331828177
0.0005584367900155485
0.000557917112018913
0.00055709108710289
0.0005561967846006155
0.0005556893302127719
0.0005549191264435649
0.0005540405982173979
0.0005533485673367977
0.0005525356973521411
0.0005517604877240956
0.0005508826579898596
0.0005500356201082468
0.0005492326454259455
0.0005487990565598011
0.0005478780367411673
0.0005470879259519279
0.0005462889093905687
0.0005453921039588749
0.000545007293112576
0.0005439037340693176
0.0005433437181636691
0.0005427053547464311
0.0005416878266260028
0.0005410552257671952
0.0005404592375271022
0.000539675704203546
0.0005388887948356569
0.0005378316855058074
0.0005371118313632905
0.0005364336539059877
0.0005357085610739887
0.0005348130944184959
0.000534469960257411
0.0005337581387721002
0.0005325428792275488
0.0005319990450516343
0.0005311916465871036
0.0005304701626300812
0.0005295351729728281
0.0005288086831569672
0.0005282663623802364
0.0005277168238535523
0.0005268045933917165
0.0005261738551780581
0.0005253716954030097
0.000524681992828846
0.0005238897283561528
0.0005229986272752285
0.0005223844782449305
0.0005218248697929084
0.000520839064847678
0.0005202628672122955
0.0005194034893065691
0.0005187332862988114
0.0005182389286346734
0.0005172072560526431
0.0005166127812117338
0.000515815569087863
0.0005151490331627429
0.0005143052549101412
0.0005137387197464705
0.0005128626362420619
0.0005118567496538162
0.0005114717641845345
0.0005108953919261694
0.0005102105787955225
0.0005095244268886745
0.0005086355376988649
0.0005081110284663737
0.0005073790671303868
0.0005065636360086501
0.0005060118855908513
0.0005051166517660022
0.0005044699646532536
0.0005042242119088769
0.0005032926565036178
0.0005023909034207463
0.0005017249495722353
0.0005009030574001372
0.0005004184204153717
0.0004998054355382919
0.0004991096793673933
0.0004981397651135921
0.0004977527423761785
0.0004969064611941576
0.0004960834048688412
0.0004954426549375057
0.0004948324640281498
0.000494146894197911
0.0004932470619678497
0.0004929191200062633
0.0004919650964438915
0.000491489190608263
0.0004906553076580167
0.0004899746854789555
0.0004894420853815973
0.0004887282266281545
0.0004878994368482381
0.00048729771515354514
0.0004865352821070701
0.00048597619752399623
0.00048521623830311
0.00048488876200281084
0.0004840359033551067
0.00048327838885597885
0.000482674891827628
0.0004821135080419481
0.0004812445258721709
0.00048079428961500525
0.0004800596216227859
0.0004792051622644067
0.00047861182247288525
0.0004780380695592612
0.00047737182467244565
0.0004770218802150339
0.0004760147712659091
0.0004756226553581655
0.0004747758212033659
0.0004740724980365485
0.0004734765097964555
0.00047303151222877204
0.00047255351091735065
0.00047161616384983063
0.0004711116780526936
0.0004705139435827732
0.0004697477270383388
0.00046907580690458417
0.00046848549391143024
0.00046774468501098454
0.000467178993858397
0.00046685690176673234
0.0004659111436922103
0.0004653216456063092
0.0004648641333915293
0.00046403706073760986
0.0004631220072042197
0.00046274298802018166
0.00046211559674702585
0.00046162589569576085
0.00046105400542728603
0.00046036491403356194
0.00045985172619111836
0.0004591750621329993
0.00045846181455999613
0.00045767895062454045
0.00045709876576438546
0.0004566516727209091
0.00045615091221407056
0.00045526522444561124
0.0004550379526335746
0.00045429141027852893
0.00045380243682302535
0.00045321695506572723
0.0004525021358858794
0.0004520555667113513
0.00045148588833399117
0.0004507781704887748
0.0004500835493672639
0.00044980645179748535
0.0004488342092372477
0.0004484098171815276
0.00044776880531571805
0.0004471862339414656
0.00044671204523183405
0.00044628814794123173
0.00044537533540278673
0.0004449104599189013
0.00044438193435780704
0.000443544500740245
0.00044315215200185776
0.0004425407969392836
0.0004420048207975924
0.00044164498103782535
0.0004408021632116288
0.00044056304614059627
0.0004399341996759176
0.0004391472029965371
0.0004385331121739
0.00043825191096402705
0.0004378173325676471
0.0004370467213448137
0.00043665734119713306
0.00043602558434940875
0.00043553271098062396
0.00043478221050463617
0.00043429326615296304
0.00043358246330171824
0.00043316074879840016
0.0004328047507442534
0.00043217220809310675
0.0004316622798796743
0.00043087589438073337
0.0004304767062421888
0.00042959381244145334
0.00042935978854075074
0.0004289683420211077
0.00042838690569624305
0.00042786207632161677
0.00042729510460048914
0.00042694644071161747
0.0004262196598574519
0.00042576156556606293
0.00042529107304289937
0.000424763944465667
0.00042459345422685146
0.00042360671795904636
0.00042355884215794504
0.00042293171281926334
0.0004223327850922942
0.0004213646752759814
0.0004212484054733068
0.00042064813897013664
0.000420191150624305
0.0004196487716399133
0.00041912097367458045
0.00041893782326951623
0.0004178794624749571
0.00041779939783737063
0.0004171570180915296
0.00041693091043271124
0.0004162013647146523
0.0004158171359449625
0.000415206013713032
0.0004148690786678344
0.0004141653480473906
0.00041380414040759206
0.0004135491617489606
0.0004128807340748608
0.0004123362887185067
0.0004118584329262376
0.0004114136681891978
0.00041099716327153146
0.0004103691899217665
0.0004099729412700981
0.0004095860058441758
0.00040917712613008916
0.0004084441461600363
0.00040779911796562374
0.0004077623307239264
0.00040725248982198536
0.000406781182391569
0.0004062291409354657
0.00040599031490273774
0.0004051534633617848
0.0004049426061101258
0.00040429129148833454
0.0004039518244098872
0.00040352134965360165
0.0004032374417874962
0.0004027655813843012
0.0004023318469990045
0.00040189496940001845
0.0004011183336842805
0.0004008253454230726
0.000400234799599275
0.0003998882893938571
0.00039958799607120454
0.0003990964323747903
0.00039876301889307797
0.00039801953244023025
0.0003978581808041781
0.0003974288119934499
0.0003969996760133654
0.000396600371459499
0.0003962538321502507
0.00039564986946061254
0.0003950910468120128
0.0003948577505070716
0.0003943116753362119
0.00039411403122358024
0.00039332397864200175
0.00039327688864432275
0.00039261707570403814
0.0003922937030438334
0.00039198421291075647
0.0003913218970410526
0.00039104261668398976
0.00039079683483578265
0.00039030780317261815
0.00039017421659082174
0.0003894465626217425
0.0003891439992003143
0.00038869556738063693
0.0003883561585098505
0.00038795280852355063
0.0003875791444443166
0.0003870766086038202
0.0003866200568154454
0.0003865236067213118
0.0003857769479509443
0.00038546117139048874
0.00038489457801915705
0.0003847070620395243
0.0003843969607260078
0.0003837483236566186
0.00038352387491613626
0.00038287288043648005
0.00038269421202130616
0.00038217377732507885
0.00038184746517799795
0.0003813701623585075
0.0003809306363109499
0.0003806443128269166
0.00038027786649763584
0.00037986261304467916
0.0003795005031861365
0.0003792363277170807
0.00037883370532654226
0.00037842951132915914
0.00037832712405361235
0.0003777120145969093
0.00037733864155597985
0.0003770289185922593
0.00037660394445993006
0.0003763225395232439
0.00037594264722429216
0.0003751821059267968
0.00037513443385250866
0.00037472130497917533
0.00037429732037708163
0.00037374088424257934
0.00037316934322007
0.0003731408214662224
0.000372467067791149
0.00037257347139529884
0.00037188883288763463
0.00037165122921578586
0.0003712030593305826
0.00037083585630171
0.00037050488754175603
0.0003701021196320653
0.0003696588973980397
0.0003694682091008872
0.00036891124909743667
0.00036862093838863075
0.00036812498001381755
0.00036776732304133475
0.00036776685738004744
0.0003674533509183675
0.0003669317811727524
0.000366424850653857
0.0003662707458715886
0.00036573727265931666
0.0003653188468888402
0.0003648307465482503
0.00036445632576942444
0.00036409974563866854
0.0003638479975052178
0.00036354700569063425
0.00036284985253587365
0.0003627599508035928
0.0003623963566496968
0.0003620011266320944
0.0003617664333432913
0.00036147405626252294
0.0003608372062444687
0.00036042756983079016
0.00036012899363413453
0.0003598527400754392
0.00035947616561315954
0.00035905762342736125
0.00035855002352036536
0.00035825782106257975
0.00035768383531831205
0.0003572826972231269
0.00035709846997633576
0.0003566260857041925
0.00035615943488664925
0.0003561562916729599
0.00035558949457481503
0.0003551939153112471
0.00035475753247737885
0.0003545927756931633
0.0003540672769304365
0.0003536970179993659
0.00035342734190635383
0.0003528719244059175
0.00035249843494966626
0.00035237791598774493
0.0003518583544064313
0.00035139944520778954
0.0003508547379169613
0.00035057292552664876
0.0003503211191855371
0.0003498530713841319
0.00034946331288665533
0.000349042093148455
0.0003487314679659903
0.00034845879417844117
0.0003478587605059147
0.0003474873665254563
0.00034692336339503527
0.00034670266904868186
0.00034620004589669406
0.00034567038528621197
0.0003454283869359642
0.0003451223310548812
0.00034457744914107025
0.00034424045588821173
0.0003435704857110977
0.0003435301478020847
0.00034300744300708175
0.0003425159666221589
0.00034201712696813047
0.0003415846440475434
0.0003412776568438858
0.0003407866752240807
0.0003403784357942641
0.00033995366538874805
0.0003393877996131778
0.0003390195488464087
0.00033837248338386416
0.0003380887792445719
0.0003378430556040257
0.00033746936242096126
0.0003368687175679952
0.000336509314365685
0.0003358749963808805
0.00033539877040311694
0.00033507784246467054
0.00033441546838730574
0.0003344177093822509
0.00033355600317008793
0.0003333791100885719
0.0003327045124024153
0.0003324350982438773
0.00033209234243258834
0.00033128730137832463
0.0003309376770630479
0.00033054847153835
0.00033002105192281306
0.00032944948179647326
0.00032895294134505093
0.0003285811108071357
0.0003280889068264514
0.00032738596200942993
0.0003270512097515166
0.00032633962109684944
0.0003262022219132632
0.0003257222124375403
0.00032519621890969574
0.0003247318381909281
0.00032393596484325826
0.0003233870374970138
0.0003230650909245014
0.00032242623274214566
0.00032209986238740385
0.00032143312273547053
0.00032106335856951773
0.0003203399246558547
0.0003197376790922135
0.00031934207072481513
0.00031874142587184906
0.00031820006552152336
0.00031777482945472
0.0003172576252836734
0.0003166300884913653
0.00031602702802047133
0.0003154892474412918
0.00031492786365561187
0.0003142378991469741
0.0003137893509119749
0.0003132442361675203
0.0003127599193248898
0.00031207126448862255
0.00031150225549936295
0.00031086988747119904
0.00031011487590149045
0.00030952555243857205
0.0003091030230280012
0.0003087111108470708
0.00030775702907703817
0.00030727116973139346
0.00030678900657221675
0.00030586193315684795
0.00030527214403264225
0.0003046061610803008
0.0003038765280507505
0.0003035381669178605
0.000302662025205791
0.0003019189171027392
0.00030143436742946506
0.0003009428328368813
0.0003001416043844074
0.00029933033511042595
0.00029883996467106044
0.00029804787482135
0.00029742816695943475
0.0002966788306366652
0.0002961977734230459
0.00029529971652664244
0.00029466807609423995
0.0002940958656836301
0.00029323570197448134
0.0002924568543676287
0.0002918240206781775
0.00029101630207151175
0.0002902781416196376
0.0002897714439313859
0.0002889077877625823
0.0002883101988118142
0.00028741845744661987
0.0002864437992684543
0.0002858751395251602
0.000285331771010533
0.00028448790544644
0.00028353178640827537
0.0002828413271345198
0.00028203355032019317
0.00028151721926406026
0.0002803978568408638
0.0002798446803353727
0.0002789410937111825
0.00027809751918539405
0.00027735825278796256
0.00027695056633092463
0.00027601676993072033
0.00027504871832206845
0.0002740959753282368
0.0002734594454523176
0.0002723617071751505
0.0002716356539167464
0.00027071646763943136
0.0002697667514439672
0.00026898577925749123
0.000268213712843135
0.00026740392786450684
0.00026645869365893304
0.00026549946051090956
0.00026469898875802755
0.0002639193262439221
0.0002629356167744845
0.0002619696024339646
0.00026115705259144306
0.0002601796586532146
0.00025951003772206604
0.0002586733317002654
0.0002577670675236732
0.00025656117941252887
0.0002558342239353806
0.0002547895710449666
0.00025409978115931153
0.00025289025506936014
0.00025202904362231493
0.00025117635959759355
0.0002503444848116487
0.0002495069056749344
0.0002483251446392387
0.0002473625645507127
0.0002461434924043715
0.0002455750945955515
0.00024436996318399906
0.00024351960746571422
0.00024262572696898133
0.0002416993520455435
0.00024070218205451965
0.0002399122022325173
0.00023879298532847315
0.00023783213691785932
0.00023682498431298882
0.00023572116333525628
0.00023477955255657434
0.0002340507198823616
0.00023281924950424582
0.0002318946790182963
0.00023088778834789991
0.00023003676324151456
0.00022871774854138494
0.00022786403133068234
0.000226990960072726
0.0002259262400912121
0.00022498384350910783
0.00022411254758480936
0.00022283104772213846
0.00022195863130036741
0.00022090041602496058
0.00022007613733876497
0.00021879449195694178
0.00021786698198411614
0.0002169000217691064
0.00021618400933220983
0.00021509581711143255
0.0002141686563845724
0.00021343890693970025
0.00021205922530498356
0.00021111004753038287
0.00021013972582295537
0.0002093669754685834
0.00020819113706238568
0.00020719853637274355
0.00020625509205274284
0.0002052278141491115
0.0002043231506831944
0.0002033618657151237
0.0002024382702074945
0.00020159993437118828
0.00020073706400580704
0.00019949702254962176
0.0001983035181183368
0.00019751467334572226
0.00019680529658216983
0.0001957173371920362
0.0001950668083736673
0.0001939869107445702
0.0001931159058585763
0.0001922750088851899
0.0001912592997541651
0.0001903242664411664
0.00018966816423926502
0.0001886824466055259
0.00018762340187095106
0.00018669945711735636
0.00018588342936709523
0.00018534310220275074
0.00018429305055178702
0.00018346324213780463
0.00018258692580275238
0.00018184378859587014
0.0001808646775316447
0.00018019053095486015
0.00017938985547516495
0.0001784044288797304
0.00017783236398827285
0.00017705153732094914
0.00017622507584746927
0.00017554205260239542
0.00017485667194705456
0.00017410985310561955
0.0001732765813358128
0.0001724102912703529
0.00017187889898195863
0.00017113314243033528
0.00017030799062922597
0.00016945961397141218
0.0001689472555881366
0.00016808534564916044
0.00016765273176133633
0.00016682528075762093
0.0001661382120801136
0.00016539654461666942
0.0001648135803407058
0.00016419996973127127
0.00016351841622963548
0.00016296487592626363
0.00016255941591225564
0.00016176467761397362
0.00016124540707096457
0.00016074799350462854
0.0001601797848707065
0.00015972273831721395
0.00015912853996269405
0.0001585768914083019
0.00015791789337527007
0.00015737558715045452
0.00015678003546781838
0.0001562794641358778
0.00015573322889395058
0.0001552367612021044
0.0001547895953990519
0.00015432048530783504
0.00015380262630060315
0.00015327373694162816
0.0001528361317468807
0.00015248166164383292
0.000151987696881406
0.0001514287432655692
0.00015098780568223447
0.00015055714175105095
0.00015018148405943066
0.0001495834585512057
0.00014924505376257002
0.00014888746954966336
0.00014849999570287764
0.00014807548723183572
0.00014755773008801043
0.00014739285688847303
0.00014674008707515895
0.00014646061754319817
0.0001459860213799402
0.00014581839786842465
0.0001451889838790521
0.0001449044793844223
0.00014454354823101312
0.0001440441992599517
0.00014393421588465571
0.0001435511076124385
0.0001430087722837925
0.0001428587274858728
0.0001425708323949948
0.0001420664630131796
0.00014137011021375656
0.00014137609105091542
0.00014093128265812993
0.00014065326831769198
0.0001401222834829241
0.00013994742766954005
0.0001397722226101905
0.00013942406803835183
0.00013904816296417266
0.00013863868662156165
0.00013818734441883862
0.0001379287423333153
0.00013760595174971968
0.00013727096666116267
0.0001368680823361501
0.00013653880159836262
0.00013624214625451714
0.00013599105295725167
0.0001355536369374022
0.00013525663234759122
0.0001349773519905284
0.00013456222950480878
0.00013428647071123123
0.00013406359357759356
0.00013361319724936038
0.00013318806304596364
0.00013289415801409632
0.00013249675976112485
0.00013226710143499076
0.00013218577078077942
0.00013173419574741274
0.000131208507809788
0.00013079323980491608
0.0001304381003137678
0.0001303524913964793
0.00012976620928384364
0.00012960612366441637
0.0001292674569413066
0.00012888768105767667
0.00012860774586442858
0.00012834904191549867
0.00012776936637237668
0.00012762023834511638
0.00012728558795060962
0.0001266908657271415
0.00012663708184845746
0.00012615833838935941
0.0001257769763469696
0.00012537180737126619
0.0001249010965693742
0.00012480621808208525
0.0001245255843969062
0.00012400929699651897
0.00012356031220406294
0.0001232412178069353
0.00012294514453969896
0.00012254019384272397
0.00012218770280014724
0.0001220947306137532
0.00012149372196290642
0.00012121266627218574
0.00012076133134542033
0.00012053090904373676
0.00011996304237982258
0.0001195589720737189
0.00011925399303436279
0.00011902277765329927
0.00011866274871863425
0.00011829791765194386
0.00011788769188569859
0.00011763498332584277
0.00011724265641532838
0.00011665721831377596
0.0001163209235528484
0.00011590364738367498
0.00011565422028070316
0.00011543337313923985
0.00011477519728941843
0.00011454489140305668
0.00011410125443944708
0.00011384855315554887
0.00011345790699124336
0.00011303486826363951
0.00011255263962084427
0.00011220527812838554
0.00011166909825988114
0.00011157428525621071
0.00011112555512227118
0.00011076599912485108
0.00011016691860277206
0.000109849039290566
0.00010962303349515423
0.00010918662883341312
0.00010884802031796426
0.00010853294952539727
0.00010805831698235124
0.00010760797886177897
0.00010730428039096296
0.00010682549327611923
0.00010647896851878613
0.00010604335693642497
0.00010577584180282429
0.00010517645569052547
0.0001049877901095897
0.00010460020712343976
0.00010425173240946606
0.00010383503831690177
0.00010346400085836649
0.00010297259723301977
0.00010255333472741768
0.00010223089338978752
0.00010192079935222864
0.0001014423614833504
0.00010088998533319682
0.00010059579653898254
0.00010024255607277155
9.991347178583965e-05
9.944807243300602e-05
9.905068873194978e-05
9.850020433077589e-05
9.836310346145183e-05
9.797942766454071e-05
9.755350765772164e-05
9.711341408547014e-05
9.674202738096938e-05
9.636928007239476e-05
9.601318743079901e-05
9.570158727001399e-05
9.51720867305994e-05
9.492165554547682e-05
9.449048229726031e-05
9.399752161698416e-05
9.367758320877329e-05
9.339261305285618e-05
9.304704144597054e-05
9.24877604120411e-05
9.225841495208442e-05
9.183290239889175e-05
9.147287346422672e-05
9.10771923372522e-05
9.071823296835646e-05
9.025659528560936e-05
9.002593287732452e-05
8.939389954321086e-05
8.928862371249124e-05
8.889692253433168e-05
8.8502187281847e-05
8.803193486528471e-05
8.781218639342114e-05
8.743880607653409e-05
8.699548925505951e-05
8.672430703882128e-05
8.641718159196898e-05
8.612875535618514e-05
8.566464384784922e-05
8.529803744750097e-05
8.491461630910635e-05
8.449390588793904e-05
8.431115566054359e-05
8.381972293136641e-05
8.339397027157247e-05
8.339220221387222e-05
8.286123920697719e-05
8.258008892880753e-05
8.214508125092834e-05
8.186507329810411e-05
8.143392915371805e-05
8.132182119879872e-05
8.078525570454076e-05
8.051786426221952e-05
8.019593951757997e-05
7.976804045028985e-05
7.947314588818699e-05
7.935725443530828e-05
7.903097866801545e-05
7.863352220738307e-05
7.840803300496191e-05
7.80796617618762e-05
7.770070806145668e-05
7.739207649137825e-05
7.693150109844282e-05
7.672313950024545e-05
7.647695019841194e-05
7.608153828186914e-05
7.60541224735789e-05
7.56155131966807e-05
7.54418142605573e-05
7.489064591936767e-05
7.485412061214447e-05
7.455536251654848e-05
7.431963604176417e-05
7.413814455503598e-05
7.375847053481266e-05
7.347313658101484e-05
7.325457409024239e-05
7.311075023608282e-05
7.285437459358945e-05
7.266959437401965e-05
7.222476415336132e-05
7.205791189335287e-05
7.199756510090083e-05
7.156612991821021e-05
7.131249731173739e-05
7.12427354301326e-05
7.093431486282498e-05
7.077251939335838e-05
7.053007720969617e-05
7.027578249108046e-05
7.01305762049742e-05
6.983039929764345e-05
6.957430741749704e-05
6.936398131074384e-05
6.919352017575875e-05
6.903301255078986e-05
6.887700874358416e-05
6.861420115455985e-05
6.84804399497807e-05
6.836103420937434e-05
6.798359390813857e-05
6.800547271268442e-05
6.779296381864697e-05
6.759408279322088e-05
6.732931069564074e-05
6.715826748404652e-05
6.697253411402926e-05
6.699932418996468e-05
6.683857645839453e-05
6.665336695732549e-05
6.647999543929473e-05
6.630155985476449e-05
6.618050247197971e-05
6.601985660381615e-05
6.604369264096022e-05
6.569801917066798e-05
6.56971096759662e-05
6.550209218403324e-05
6.529209349537268e-05
6.536169530590996e-05
6.51593945804052e-05
6.507388752652332e-05
6.487083010142669e-05
6.485825724666938e-05
6.475747795775533e-05
6.460190343204886e-05
6.449475768022239e-05
6.433108501369134e-05
6.427815969800577e-05
6.4194762671832e-05
6.412787479348481e-05
6.401506834663451e-05
6.395286618499085e-05
6.385038432199508e-05
6.383668369380757e-05
6.367612513713539e-05
6.360760744428262e-05
6.344835855998099e-05
6.345180736389011e-05
6.339418905554339e-05
6.321941327769309e-05
6.328902236418799e-05
6.311143806669861e-05
6.312130426522344e-05
6.295732600847259e-05
6.293851038208231e-05
6.288554868660867e-05
6.283510447246954e-05
6.277010834310204e-05
6.268992001423612e-05
6.267460412345827e-05
6.254424806684256e-05
6.249274883884937e-05
6.243314419407398e-05
6.234397733351216e-05
6.241552182473242e-05
6.235582986846566e-05
6.226728874025866e-05
6.222935917321593e-05
6.220085197128356e-05
6.2100327340886e-05
6.199228664627299e-05
6.20028076809831e-05
6.207201658980921e-05
6.184587255120277e-05
6.188879342516884e-05
6.175984162837267e-05
6.181340722832829e-05
6.181280332384631e-05
6.175034650368616e-05
6.166200910229236e-05
6.164638034533709e-05
6.174765439936891e-05
6.168089021230116e-05
6.15888275206089e-05
6.15726166870445e-05
6.157416646601632e-05
6.159671465866268e-05
6.143499194877222e-05
6.153189315227792e-05
6.146708619780838e-05
6.120753823779523e-05
6.132854468887672e-05
6.132640555733815e-05
6.123056664364412e-05
6.115224095992744e-05
6.1129750974942e-05
6.112859409768134e-05
6.110555113991722e-05
6.122217746451497e-05
6.104692874941975e-05
6.102669794927351e-05
6.094968193792738e-05
6.100146856624633e-05
6.091764953453094e-05
6.094569471315481e-05
6.09545641054865e-05
6.094514174037613e-05
6.082487016101368e-05
6.076454883441329e-05
6.08745394856669e-05
6.082179243094288e-05
6.076630234019831e-05
6.081292303861119e-05
6.070778545108624e-05
6.067911454010755e-05
6.0617861890932545e-05
6.0683283663820475e-05
6.0622201999649405e-05
6.063898399588652e-05
6.068179209250957e-05
6.0644055338343605e-05
6.06461544521153e-05
6.049699732102454e-05
6.045580448699184e-05
6.0471720644272864e-05
6.044903057045303e-05
6.04522465437185e-05
6.0332968132570386e-05
6.042370659997687e-05
6.032967576174997e-05
6.035547630744986e-05
6.0306298109935597e-05
6.041206870577298e-05
6.0383932577678934e-05
6.0368845879565924e-05
6.0379814385669306e-05
6.0319747717585415e-05
6.0279391618678346e-05
6.0284772189334035e-05
6.032959936419502e-05
6.024270987836644e-05
6.024106914992444e-05
6.017529085511342e-05
6.004855458741076e-05
6.003334419801831e-05
6.015423423377797e-05
6.012550147715956e-05
6.003156158840284e-05
6.0046077123843133e-05
6.0150261560920626e-05
6.012011363054626e-05
6.0183272580616176e-05
6.008040509186685e-05
5.9977373894071206e-05
5.993626473355107e-05
6.000102803227492e-05
5.999612403684296e-05
5.995645187795162e-05
5.9954145399387926e-05
5.9872363635804504e-05
5.9879192122025415e-05
5.9754263929789886e-05
5.977057298878208e-05
5.9862744819838554e-05
5.9725945902755484e-05
5.972847793600522e-05
5.969893027213402e-05
5.977326145512052e-05
5.9692443755920976e-05
5.962360228295438e-05
5.9651640185620636e-05
5.974010855425149e-05
5.972368671791628e-05
5.957967005087994e-05
5.962052455288358e-05
5.960603812127374e-05
5.959300688118674e-05
5.952864739811048e-05
5.954828156973235e-05
5.937269816058688e-05
5.949653495918028e-05
5.955222877673805e-05
5.948990656179376e-05
5.9508925914997235e-05
5.952308129053563e-05
5.946523742750287e-05
5.938824688200839e-05
5.943541327724233e-05
5.9347370552131906e-05
5.9351888921810314e-05
5.941382551100105e-05
5.9382658946560696e-05
5.9319150750525296e-05
5.92790893279016e-05
5.925611549173482e-05
5.925644654780626e-05
5.936355591984466e-05
5.9207410231465474e-05
5.9204383433097973e-05
5.916486043133773e-05
5.914677967666648e-05
5.904759018449113e-05
5.91020543652121e-05
5.914306893828325e-05
5.905310172238387e-05
5.9024638176197186e-05
5.8936100685968995e-05
5.903674536966719e-05
5.904925274080597e-05
5.8944344345945865e-05
5.888985833735205e-05
5.890834654564969e-05
5.884126221644692e-05
5.893868728890084e-05
5.891131149837747e-05
5.8847963373409584e-05
5.885060454602353e-05
5.875661736354232e-05
5.8783916756510735e-05
5.877412695554085e-05
5.8816578530240804e-05
5.89247647440061e-05
5.8793972129933536e-05
5.874720591236837e-05
5.870095992577262e-05
5.869847518624738e-05
5.866576248081401e-05
5.866012361366302e-05
5.8680026995716617e-05
5.855968629475683e-05
5.860254168510437e-05
5.854271512362175e-05
5.86011192353908e-05
5.8586963859852403e-05
5.853470793226734e-05
5.849482477060519e-05
5.85002671869006e-05
5.847459033248015e-05
5.843243343406357e-05
5.837956996401772e-05
5.8309738960815594e-05
5.828535358887166e-05
5.831879752804525e-05
5.8373760111862794e-05
5.8293651818530634e-05
5.8298868680140004e-05
5.828645589645021e-05
5.8314453781349584e-05
5.835133197251707e-05
5.826390042784624e-05
5.831517046317458e-05
5.8251109294360504e-05
5.8168523537460715e-05
5.815124313812703e-05
5.8114183048019186e-05
5.8122564951190725e-05
5.816621342091821e-05
5.819681609864347e-05
5.811670780531131e-05
5.809748836327344e-05
5.806700210087001e-05
5.816804332425818e-05
5.809721915284172e-05
5.803952444694005e-05
5.801255247206427e-05
5.7978224504040554e-05
5.797121411887929e-05
5.798709753435105e-05
5.798320489702746e-05
5.789111310150474e-05
5.799762220703997e-05
5.786312249256298e-05
5.789628266938962e-05
5.782535663456656e-05
5.773556404164992e-05
5.76620914216619e-05
5.766023605247028e-05
5.759080158895813e-05
5.774522287538275e-05
5.773930388386361e-05
5.76691709284205e-05
5.7600893342169e-05
5.767328912043013e-05
5.7611810916569084e-05
5.763960143667646e-05
5.760400745202787e-05
5.7591394579503685e-05
5.7533954532118514e-05
5.74668483750429e-05
5.74827499804087e-05
5.75198901060503e-05
5.74993719055783e-05
5.759236591984518e-05
5.744352165493183e-05
5.751000207965262e-05
5.7518253015587106e-05
5.7469769672024995e-05
5.7475186622468755e-05
5.740582855651155e-05
5.7391527661820874e-05
5.734986552852206e-05
5.738427353207953e-05
5.7347442634636536e-05
5.729652912123129e-05
5.723876165575348e-05
5.723075810237788e-05
5.7231874961871654e-05
5.7204841141356155e-05
5.716436862712726e-05
5.720848639612086e-05
5.7036697398871183e-05
5.703181159333326e-05
5.7060638937400654e-05
5.7060438848566264e-05
5.719410182791762e-05
5.699050961993635e-05
5.706568117602728e-05
5.705562944058329e-05
5.7037119404412806e-05
5.696696098311804e-05
5.6961842346936464e-05
5.6871289416449144e-05
5.693699131370522e-05
5.687005250365473e-05
5.692727063433267e-05
5.682682603946887e-05
5.6881610362324864e-05
5.677923036273569e-05
5.685733412974514e-05
5.680771573679522e-05
5.674948624800891e-05
5.672441693604924e-05
5.67403512832243e-05
5.666499782819301e-05
5.668252561008558e-05
5.678498564520851e-05
5.6684715673327446e-05
5.6589298765175045e-05
5.664451600750908e-05
5.668485027854331e-05
5.657690780935809e-05
5.664432319463231e-05
5.654837877955288e-05
5.6403929193038493e-05
5.650196908391081e-05
5.6614266213728115e-05
5.648014121106826e-05
5.6397584557998925e-05
5.6438690080540255e-05
5.640483504976146e-05
5.631493331748061e-05
5.627449354506098e-05
5.625706762657501e-05
5.622401295113377e-05
5.620306546916254e-05
5.621938544209115e-05
5.613460234599188e-05
5.620814408757724e-05
5.6161377870012075e-05
5.622794560622424e-05
5.6191624025814235e-05
5.6255907111335546e-05
5.6218781537609175e-05
5.6072676670737565e-05
5.591027729678899e-05
5.6055137974908575e-05
5.610459265881218e-05
5.6087475968524814e-05
5.5884702305775136e-05
5.597497874987312e-05
5.600038275588304e-05
5.5990843975450844e-05
5.602357487077825e-05
5.609497020486742e-05
5.591710942098871e-05
5.597980634775013e-05
5.585766484728083e-05
5.5923930631252006e-05
5.5857970437500626e-05
5.589269130723551e-05
5.5845273891463876e-05
5.587340274360031e-05
5.5812815844547004e-05
5.584947211900726e-05
5.576821058639325e-05
5.574749957304448e-05
5.566152321989648e-05
5.5764518037904054e-05
5.563520608120598e-05
5.5547308875247836e-05
5.5511209211545065e-05
5.55766346224118e-05
5.5586828239029273e-05
5.546450847759843e-05
5.541963400901295e-05
5.546223110286519e-05
5.54301223019138e-05
5.550431887968443e-05
5.54914768144954e-05
5.553003211389296e-05
5.5498450819868594e-05
5.5544445785926655e-05
5.5494849220849574e-05
5.539873745874502e-05
5.541889549931511e-05
5.541399150388315e-05
5.542097642319277e-05
5.525956294150092e-05
5.522116043721326e-05
5.5325563153019175e-05
5.525424421648495e-05
5.522199353436008e-05
5.5241343943635e-05
5.5211432481883094e-05
5.517989848158322e-05
5.512351344805211e-05
5.521686762222089e-05
5.513210271601565e-05
5.505481021828018e-05
5.514888835023157e-05
5.5013551900628954e-05
5.502047133632004e-05
5.4987445764709264e-05
5.4905685828998685e-05
5.4939759138505906e-05
5.498912651091814e-05
5.498628888744861e-05
5.491350748343393e-05
5.497900565387681e-05
5.4910688049858436e-05
5.500941551872529e-05
5.4909502068767324e-05
5.490755575010553e-05
5.483137647388503e-05
5.480175605043769e-05
5.477375816553831e-05
5.472031261888333e-05
5.4712021665181965e-05
5.462934132083319e-05
5.461156979436055e-05
5.451625111163594e-05
5.4572268709307536e-05
5.4640571761410683e-05
5.455177233670838e-05
5.450721801025793e-05
5.451273682410829e-05
5.456856524688192e-05
5.458881059894338e-05
5.457000224851072e-05
5.453694029711187e-05
5.448702722787857e-05
5.449283344205469e-05
5.4521460697287694e-05
5.4528001783182845e-05
5.439942833618261e-05
5.437169238575734e-05
5.428479198599234e-05
5.4328931582858786e-05
5.431049794424325e-05
5.42764610145241e-05
5.418470755103044e-05
5.41780682397075e-05
5.415279883891344e-05
5.421012610895559e-05
5.405800402513705e-05
5.413212420535274e-05
5.405171032180078e-05
5.409982622950338e-05
5.4114752856548876e-05
5.4028154409024864e-05
5.419774606707506e-05
5.405237607192248e-05
5.4050444305175915e-05
5.3946168918628246e-05
5.398028952185996e-05
5.4018633818486705e-05
5.397002678364515e-05
5.388566933106631e-05
5.3859119361732155e-05
5.39056200068444e-05
5.379818321671337e-05
5.380491347750649e-05
5.373034582589753e-05
5.369896098272875e-05
5.37293053639587e-05
5.377886918722652e-05
5.373977910494432e-05
5.358617636375129e-05
5.366572804632597e-05
5.365211472962983e-05
5.3686595492763445e-05
5.3590712923323736e-05
5.352139851311222e-05
5.350248102331534e-05
5.3556825150735676e-05
5.346645411918871e-05
5.355547182261944e-05
5.345155659597367e-05
5.3538162319455296e-05
5.353058077162132e-05
5.34562386746984e-05
5.347339538275264e-05
5.3445044613908976e-05
5.347503247321583e-05
5.3351741371443495e-05
5.329539271770045e-05
5.3344534535426646e-05
5.332647924660705e-05
5.3262752771843225e-05
5.319850970408879e-05
5.322500874171965e-05
5.327718463377096e-05
5.335635432857089e-05
5.31696314283181e-05
5.317246905178763e-05
5.3205887525109574e-05
5.314415830071084e-05
5.314976806403138e-05
5.31389559910167e-05
5.313432848197408e-05
5.312140638125129e-05
5.2985953516326845e-05
5.296342715155333e-05
5.287955718813464e-05
5.29109820490703e-05
5.288937609293498e-05
5.292254718369804e-05
5.278629396343604e-05
5.282607889967039e-05
5.2906645578332245e-05
5.2789248002227396e-05
5.277989475871436e-05
5.277543459669687e-05
5.273013812256977e-05
5.2711657190229744e-05
5.272378621157259e-05
5.266994048724882e-05
5.275115472613834e-05
5.267169763101265e-05
5.266021616989747e-05
5.261581827653572e-05
5.267530650598928e-05
5.252761911833659e-05
5.2553579735103995e-05
5.2516963478410617e-05
5.25058749190066e-05
5.252302798908204e-05
5.248490197118372e-05
5.244973726803437e-05
5.2353061619214714e-05
5.2392490033525974e-05
5.2471146773314103e-05
5.237001823843457e-05
5.231909017311409e-05
5.236967990640551e-05
5.228583904681727e-05
5.2332896302687004e-05
5.230557871982455e-05
5.216354111325927e-05
5.2099228923907503e-05
5.2133327699266374e-05
5.2173018048051745e-05
5.215364581090398e-05
5.2096249419264495e-05
5.201101885177195e-05
5.1938186516053975e-05
5.201917520025745e-05
5.2022383897565305e-05
5.188934665056877e-05
5.1914317737100646e-05
5.193960532778874e-05
5.194663390284404e-05
5.183540633879602e-05
5.183081884752028e-05
5.18703309353441e-05
5.18175438628532e-05
5.177514685783535e-05
5.175983824301511e-05
5.187066562939435e-05
5.180431253393181e-05
5.1776707550743595e-05
5.173235331312753e-05
5.172357123228721e-05
5.164566027815454e-05
5.166423215996474e-05
5.158208659850061e-05
5.1585033361334354e-05
5.156477709533647e-05
5.1525476010283455e-05
5.147892443346791e-05
5.1558323320932686e-05
5.153608071850613e-05
5.157589112059213e-05
5.144488386576995e-05
5.1357055781409144e-05
5.13366176164709e-05
5.134204911882989e-05
5.131623038323596e-05
5.135242463438772e-05
5.1283441280247644e-05
5.126748510519974e-05
5.128479460836388e-05
5.129327473696321e-05
5.122375296195969e-05
5.1070972403977066e-05
5.121311914990656e-05
5.1081868150504306e-05
5.1156410336261615e-05
5.1033435738645494e-05
5.1104496378684416e-05
5.108912955620326e-05
5.092869105283171e-05
5.096154200145975e-05
5.097915345686488e-05
5.1018359954468906e-05
5.099477857584134e-05
5.097115717944689e-05
5.096695167594589e-05
5.0849754188675433e-05
5.099813643028028e-05
5.089790283818729e-05
5.0847462262026966e-05
5.0738686695694923e-05
5.075093940831721e-05
5.068448808742687e-05
5.0730443035718054e-05
5.0593869673321024e-05
5.061524279881269e-05
5.064127981313504e-05
5.0485876272432506e-05
5.0630205805646256e-05
5.055582005297765e-05
5.0600549002410844e-05
5.045193756814115e-05
5.048059392720461e-05
5.044800491305068e-05
5.054398934589699e-05
5.048884486313909e-05
5.044321369496174e-05
5.0375521823298186e-05
5.04642775922548e-05
5.043289638706483e-05
5.033535126131028e-05
5.039888492319733e-05
5.039703319198452e-05
5.032424451201223e-05
5.037833034293726e-05
5.031749606132507e-05
5.0231545174028724e-05
5.015902206650935e-05
5.015944043407217e-05
5.012319525121711e-05
5.0097347411792725e-05
5.014658745494671e-05
5.0027847464662045e-05
5.0040194764733315e-05
5.007067011320032e-05
4.997167707188055e-05
4.99152229167521e-05
4.991873720427975e-05
5.0013237341772765e-05
4.998174335923977e-05
4.9865193432196975e-05
4.9845453759189695e-05
4.990182424080558e-05
4.987599459127523e-05
4.982951213605702e-05
4.978138895239681e-05
4.9772264901548624e-05
4.976105992682278e-05
4.976988202542998e-05
4.9773952923715115e-05
4.9667025450617075e-05
4.96285138069652e-05
4.954480755259283e-05
4.955910117132589e-05
4.954953328706324e-05
4.95031890750397e-05
4.9474499974166974e-05
4.940498183714226e-05
4.938924030284397e-05
4.939055361319333e-05
4.931713192490861e-05
4.9352009227732196e-05
4.9365797167411074e-05
4.926739711663686e-05
4.9403497541788965e-05
4.937961421092041e-05
4.936072218697518e-05
4.9263348046224564e-05
4.918937338516116e-05
4.916281613986939e-05
4.9163762014359236e-05
4.906359754386358e-05
4.919617640553042e-05
4.9061163736041635e-05
4.9104059144156054e-05
4.9020924052456394e-05
4.8949219490168616e-05
4.900693238596432e-05
4.885569796897471e-05
4.8896021326072514e-05
4.885897214990109e-05
4.889661431661807e-05
4.890759373665787e-05
4.8818328650668263e-05
4.8788431740831584e-05
4.87748475279659e-05
4.8674071877030656e-05
4.8583420721115544e-05
4.865300070377998e-05
4.8667443479644135e-05
4.860537956119515e-05
4.858772808802314e-05
4.858916872763075e-05
4.856232771999203e-05
4.857146632275544e-05
4.851074481848627e-05
4.852225538343191e-05
4.840135807171464e-05
4.841462941840291e-05
4.841191184823401e-05
4.8370762669947e-05
4.837619781028479e-05
4.8264013457810506e-05
4.8300255002686754e-05
4.8255358706228435e-05
4.82161995023489e-05
4.827148586628027e-05
4.826931035495363e-05
4.825368523597717e-05
4.8080608394229785e-05
4.8166632041102275e-05
4.8064634029287845e-05
4.806928336620331e-05
4.812752376892604e-05
4.803926276508719e-05
4.804952550330199e-05
4.8011734179453924e-05
4.806400465895422e-05
4.791264291270636e-05
4.7910034481901675e-05
4.7852656280156225e-05
4.783401163876988e-05
4.780778908752836e-05
4.780427480000071e-05
4.769537554238923e-05
4.7710902435937896e-05
4.7716432163724676e-05
4.7597273805877194e-05
4.756850466947071e-05
4.750166044686921e-05
4.758930663228966e-05
4.749254003399983e-05
4.748055653180927e-05
4.740812073578127e-05
4.745449041365646e-05
4.743413956020959e-05
4.751763481181115e-05
4.749209256260656e-05
4.73834625154268e-05
4.732784509542398e-05
4.727879786514677e-05
4.7263980377465487e-05
4.730826913146302e-05
4.720967626781203e-05
4.71790372102987e-05
4.7203990106936544e-05
4.720297147287056e-05
4.7086865379242226e-05
4.70900849904865e-05
4.703693412011489e-05
4.7081586671993136e-05
4.703141166828573e-05
4.7000903578009456e-05
4.69216174678877e-05
4.691783033194952e-05
4.693489972851239e-05
4.691970025305636e-05
4.686077227233909e-05
4.6894914703443646e-05
4.6909452066756785e-05
4.6859742724336684e-05
4.691010690294206e-05
4.6888912038411945e-05
4.679753692471422e-05
4.677041943068616e-05
4.672975046560168e-05
4.675491800298914e-05
4.671769420383498e-05
4.67549471068196e-05
4.6675257181050256e-05
4.657879617298022e-05
4.6525223297066987e-05
4.648702815757133e-05
4.644388536689803e-05
4.644552609534003e-05
4.640180122805759e-05
4.641087798518129e-05
4.638899918063544e-05
4.638043901650235e-05
4.632959462469444e-05
4.6397606638493016e-05
4.628417082130909e-05
4.622689448297024e-05
4.6204982936615124e-05
4.6110002585919574e-05
4.606751826941036e-05
4.60296287201345e-05
4.602767148753628e-05
4.605557114700787e-05
4.5998145651537925e-05
4.6004301111679524e-05
4.6018296416150406e-05
4.593555422616191e-05
4.591876859194599e-05
4.588559386320412e-05
4.582493056659587e-05
4.579862070386298e-05
4.575862112687901e-05
4.565431663650088e-05
4.568699296214618e-05
4.570263990899548e-05
4.574644844979048e-05
4.572793113766238e-05
4.567165160551667e-05
4.564559640130028e-05
4.563180118566379e-05
4.552360041998327e-05
4.5589138608193025e-05
4.5539629354607314e-05
4.549225195660256e-05
4.550876110442914e-05
4.537415225058794e-05
4.54228138551116e-05
4.535869447863661e-05
4.537601853371598e-05
4.5310513087315485e-05
4.537247878033668e-05
4.5244414650369436e-05
4.519214417086914e-05
4.5139840949559584e-05
4.520389484241605e-05
4.5110042265150696e-05
4.509495556703769e-05
4.502012598095462e-05
4.498612179304473e-05
4.499076385400258e-05
4.509928839979693e-05
4.499565693549812e-05
4.4948264985578135e-05
4.48764803877566e-05
4.4924323447048664e-05
4.483222073758952e-05
4.4777618313673884e-05
4.4769447413273156e-05
4.475243986235e-05
4.4686301407637075e-05
4.4604392314795405e-05
4.460573836695403e-05
4.4619679101742804e-05
4.458824696484953e-05
4.459550473256968e-05
4.454545705812052e-05
4.4573931518243626e-05
4.447070023161359e-05
4.4489646825240925e-05
4.449343396117911e-05
4.439592521521263e-05
4.436955714481883e-05
4.439783879206516e-05
4.438894393388182e-05
4.435506707523018e-05
4.4322750909486786e-05
4.424622602527961e-05
4.421374251251109e-05
4.420652476255782e-05
4.417827949509956e-05
4.4156207877676934e-05
4.417355376062915e-05
4.402741615194827e-05
4.39738214481622e-05
4.4002557842759416e-05
4.404776336741634e-05
4.395694122649729e-05
4.3917745642829686e-05
4.386068394524045e-05
4.383258055895567e-05
4.388337038108148e-05
4.3747601012000814e-05
4.371579416329041e-05
4.377475488581695e-05
4.371081740828231e-05
4.372495459392667e-05
4.361537503427826e-05
4.353794429334812e-05
4.355795681476593e-05
4.351303505245596e-05
4.3503772758413106e-05
4.355752025730908e-05
4.351005918579176e-05
4.341695603216067e-05
4.342583997640759e-05
4.34661669714842e-05
4.336420170147903e-05
4.3302843550918624e-05
4.3346048187231645e-05
4.33347377111204e-05
4.3291845940984786e-05
4.322143649915233e-05
4.31261069024913e-05
4.316804916015826e-05
4.307165363570675e-05
4.313037788961083e-05
4.3097468733321875e-05
4.2935625970130786e-05
4.299685679143295e-05
4.286832336219959e-05
4.291456934879534e-05
4.278601045371033e-05
4.280356370145455e-05
4.282680674805306e-05
4.2696679884102196e-05
4.277780681150034e-05
4.2774336179718375e-05
4.267260737833567e-05
4.2577943531796336e-05
4.26546175731346e-05
4.26159895141609e-05
4.25550970248878e-05
4.245033051120117e-05
4.2526644392637536e-05
4.25110811193008e-05
4.245117452228442e-05
4.2377487261546776e-05
4.2391024180687964e-05
4.23850906372536e-05
4.235048982081935e-05
4.229913974995725e-05
4.2318995838286355e-05
4.2307023250032216e-05
4.22811608586926e-05
4.218707181280479e-05
4.2177056457148865e-05
4.218499452690594e-05
4.213910142425448e-05
4.212119529256597e-05
4.2028623283840716e-05
4.196009103907272e-05
4.188609455013648e-05
4.199964678264223e-05
4.196549707558006e-05
4.1855524614220485e-05
4.189078026684001e-05
4.1808503738138825e-05
4.1776867874432355e-05
4.173736670054495e-05
4.169779640506022e-05
4.167893712292425e-05
4.165120481047779e-05
4.161477045272477e-05
4.161967081017792e-05
4.1644561861176044e-05
4.1563787817722186e-05
4.1542160033714026e-05
4.146689752815291e-05
4.146221908740699e-05
4.13609086535871e-05
4.13936359109357e-05
4.1372339182998985e-05
4.138446820434183e-05
4.131451714783907e-05
4.1249662899645045e-05
4.118411379749887e-05
4.127875581616536e-05
4.12258887081407e-05
4.124602855881676e-05
4.1195660742232576e-05
4.106831329409033e-05
4.095525582670234e-05
4.105240441276692e-05
4.090133370482363e-05
4.0974664443638176e-05
4.086281478521414e-05
4.0790921048028395e-05
4.077581979800016e-05
4.076617551618256e-05
4.071063085575588e-05
4.067038025823422e-05
4.069954957230948e-05
4.069010537932627e-05
4.067274130648002e-05
4.0615894249640405e-05
4.0601022192277014e-05
4.057420665048994e-05
4.0583570807939395e-05
4.045121022500098e-05
4.0480696043232456e-05
4.038074621348642e-05
4.0383376472163945e-05
4.037989128846675e-05
4.0360697312280536e-05
4.029523552162573e-05
4.027212708024308e-05
4.02431542170234e-05
4.026384704047814e-05
4.020499181933701e-05
4.0192378946812823e-05
4.011749479104765e-05
4.006491872132756e-05
4.0022816392593086e-05
4.0007354982662946e-05
3.9922495489008725e-05
3.9937192923389375e-05
3.9859274693299085e-05
3.9891223423182964e-05
3.9930262573761865e-05
3.986994852311909e-05
3.986543379141949e-05
3.980848487117328e-05
3.9750044379616156e-05
3.9690075936960056e-05
3.9679056499153376e-05
3.964709321735427e-05
3.9621154428459704e-05
3.961695620091632e-05
3.961880429415032e-05
3.95412280340679e-05
3.9437007217202336e-05
3.940228634746745e-05
3.937451765523292e-05
3.935772110708058e-05
3.929306330974214e-05
3.9381604437949136e-05
3.93671725760214e-05
3.927722718799487e-05
3.927009311155416e-05
3.9211983676068485e-05
3.912347528967075e-05
3.91019566450268e-05
3.913014006684534e-05
3.901851232512854e-05
3.896073394571431e-05
3.888231731252745e-05
3.896602720487863e-05
3.89277447538916e-05
3.889302388415672e-05
3.884486432070844e-05
3.882813689415343e-05
3.877606650348753e-05
3.8867285184096545e-05
3.872868910548277e-05
3.873846435453743e-05
3.8616191886831075e-05
3.858533818856813e-05
3.860796641674824e-05
3.863089295919053e-05
3.8575461076106876e-05
3.845794344670139e-05
3.8476904592243955e-05
3.846440449706279e-05
3.839319833787158e-05
3.836247560684569e-05
3.829972411040217e-05
3.8282876630546525e-05
3.8181002310011536e-05
3.819755875156261e-05
3.8103971746750176e-05
3.8149104511830956e-05
3.8081805541878566e-05
3.805087544606067e-05
3.80014389520511e-05
3.80056953872554e-05
3.7962709029670805e-05
3.7897250876994804e-05
3.8003887311788276e-05
3.794517397182062e-05
3.7841920857317746e-05
3.7851703382330015e-05
3.7812074879184365e-05
3.776409721467644e-05
3.775998993660323e-05
3.7744863220723346e-05
3.763191125472076e-05
3.755782381631434e-05
3.754167482838966e-05
3.7442659959197044e-05
3.746666698134504e-05
3.7466503272298723e-05
3.7447411159519106e-05
3.739753447007388e-05
3.742528133443557e-05
3.7395824620034546e-05
3.726346403709613e-05
3.7181845982559025e-05
3.7219884688965976e-05
3.723068948602304e-05
3.714677950483747e-05
3.7171514122746885e-05
3.722995825228281e-05
3.7126683309907094e-05
3.7044872442493215e-05
3.703044058056548e-05
3.695548730320297e-05
3.6963552702218294e-05
3.6905057640979066e-05
3.694353290484287e-05
3.6884721339447424e-05
3.683005343191326e-05
3.6747071135323495e-05
3.670305522973649e-05
3.674690378829837e-05
3.670616933959536e-05
3.665727490442805e-05
3.6693232686957344e-05
3.669824582175352e-05
3.660170841612853e-05
3.654796091723256e-05
3.650588769232854e-05
3.639149508671835e-05
3.638744601630606e-05
3.633879896369763e-05
3.633748201536946e-05
3.63281142199412e-05
3.6384386476129293e-05
3.63039544026833e-05
3.621544237830676e-05
3.6238252505427226e-05
3.6155306588625535e-05
3.613680382841267e-05
3.612089858506806e-05
3.600275158532895e-05
3.601508433348499e-05
3.600869240472093e-05
3.595487942220643e-05
3.58206125383731e-05
3.594519876060076e-05
3.583183206501417e-05
3.587004539440386e-05
3.583611760404892e-05
3.571326669771224e-05
3.572618879843503e-05
3.5709184885490686e-05
3.56932905560825e-05
3.560724508133717e-05
3.564913640730083e-05
3.563226346159354e-05
3.566308441804722e-05
3.5559165553422645e-05
3.546800508047454e-05
3.5595003282651305e-05
3.5517285141395405e-05
3.5388678952585906e-05
3.539388853823766e-05
3.5310073144501075e-05
3.523315899656154e-05
3.5293924156576395e-05
3.5166292946087196e-05
3.5214216040913016e-05
3.5227414628025144e-05
3.507018482196145e-05
3.5146069421898574e-05
3.513733099680394e-05
3.5032171581406146e-05
3.511055183480494e-05
3.4970693377545103e-05
3.490320887067355e-05
3.4880838938988745e-05
3.482011743471958e-05
3.4816792322089896e-05
3.477766222204082e-05
3.478615326457657e-05
3.4812139347195625e-05
3.4639779187273234e-05
3.465680492809042e-05
3.4717973903752863e-05
3.478808139334433e-05
3.462039239821024e-05
3.458741775830276e-05
3.457696584518999e-05
3.450561052886769e-05
3.4473559935577214e-05
3.446280970820226e-05
3.443423338467255e-05
3.441903390921652e-05
3.43209394486621e-05
3.4227668948005885e-05
3.4197208151454106e-05
3.4209693694720045e-05
3.4163436794187874e-05
3.410597128095105e-05
3.4104818041669205e-05
3.40169899573084e-05
3.399104025447741e-05
3.399347042432055e-05
3.397413092898205e-05
3.400996865821071e-05
3.3942211302928627e-05
3.3950833312701434e-05
3.387063043192029e-05
3.377428947715089e-05
3.38586833095178e-05
3.3827305742306635e-05
3.37205856340006e-05
3.376734093762934e-05
3.361354902153835e-05
3.358409958309494e-05
3.352741987328045e-05
3.353981810505502e-05
3.351215127622709e-05
3.3477004762971774e-05
3.344856668263674e-05
3.356213710503653e-05
3.343254866194911e-05
3.343309435877018e-05
3.3413594792364165e-05
3.331837433506735e-05
3.328687671455555e-05
3.326488513266668e-05
3.3283376978943124e-05
3.314967034384608e-05
3.32513554894831e-05
3.318984090583399e-05
3.3131193049484864e-05
3.3152908144984394e-05
3.300280150142498e-05
3.3069471101043746e-05
3.297569492133334e-05
3.290066524641588e-05
3.290227323304862e-05
3.2925694540608674e-05
3.291077518952079e-05
3.289468077127822e-05
3.276602365076542e-05
3.273683614679612e-05
3.269967419328168e-05
3.263017060817219e-05
3.260928860981949e-05
3.2638225093251094e-05
3.2638850825605914e-05
3.255125557188876e-05
3.259973891545087e-05
3.2568772439844906e-05
3.2483738323207945e-05
3.246358028263785e-05
3.239688521716744e-05
3.2398402254329994e-05
3.2354670111089945e-05
3.242709135520272e-05
3.2349689718103036e-05
3.228634159313515e-05
3.217216726625338e-05
3.211679359083064e-05
3.214895696146414e-05
3.211489456589334e-05
3.2109779567690566e-05
3.204922904842533e-05
3.203429514542222e-05
3.204552558599971e-05
3.197268961230293e-05
3.192782969563268e-05
3.192601798218675e-05
3.185872992617078e-05
3.18153397529386e-05
3.179631312377751e-05
3.179572377121076e-05
3.177447069901973e-05
3.173337972839363e-05
3.173104050802067e-05
3.1678569939685985e-05
3.161279528285377e-05
3.159491825499572e-05
3.159729021717794e-05
3.154619480483234e-05
3.161630957038142e-05
3.152074714307673e-05
3.1498417229158804e-05
3.149054464302026e-05
3.149079202557914e-05
3.140456828987226e-05
3.1372899684356526e-05
3.1307241442846134e-05
3.132552592433058e-05
3.126901719952002e-05
3.125020884908736e-05
3.112048580078408e-05
3.115262370556593e-05
3.118523818557151e-05
3.114944775006734e-05
3.116511652478948e-05
3.107154043391347e-05
3.108883902314119e-05
3.106584699708037e-05
3.108259988948703e-05
3.1005361961433664e-05
3.098576416959986e-05
3.08801099890843e-05
3.083653427893296e-05
3.08401467918884e-05
3.084977652179077e-05
3.0871113267494366e-05
3.080119859077968e-05
3.0772131140111014e-05
3.0693361622979864e-05
3.071538230869919e-05
3.0675098969368264e-05
3.0595678254030645e-05
3.061896131839603e-05
3.044502045668196e-05
3.053144973819144e-05
3.05980647681281e-05
3.0469929697574116e-05
3.041505260625854e-05
3.0409941246034577e-05
3.0377093935385346e-05
3.032030326721724e-05
3.0246917958720587e-05
3.016711889358703e-05
3.0179191526258364e-05
3.0213501304388046e-05
3.0228802643250674e-05
3.0170544050633907e-05
3.0175478968885727e-05
3.0108547434792854e-05
3.0037484975764528e-05
2.9989703762112185e-05
3.0045748644624837e-05
3.0058039556024596e-05
3.0032682843739167e-05
2.997666524606757e-05
2.9928109142929316e-05
2.993513953697402e-05
2.995037539221812e-05
2.9842758522136137e-05
2.9884151445003226e-05
2.983253580168821e-05
2.975771167257335e-05
2.9721959435846657e-05
2.9724205887760036e-05
2.9666849513887428e-05
2.9622611691593193e-05
2.9669219657080248e-05
2.9621853173011914e-05
2.951416354335379e-05
2.9567308956757188e-05
2.948927431134507e-05
2.950663838419132e-05
2.945103005913552e-05
2.9455808544298634e-05
2.9391147108981386e-05
2.9318880478967912e-05
2.944839980045799e-05
2.924312138929963e-05
2.9256147172418423e-05
2.9264660042827018e-05
2.927747118519619e-05
2.9231590815470554e-05
2.9191263820393942e-05
2.919733560702298e-05
2.9191536668804474e-05
2.9128161258995533e-05
2.9091792384861037e-05
2.901612788264174e-05
2.9009352147113532e-05
2.900476465583779e-05
2.8973625376238488e-05
2.893778946599923e-05
2.8901691621285863e-05
2.892414340749383e-05
2.881560067180544e-05
2.884008063119836e-05
2.8816606572945602e-05
2.8778298656106927e-05
2.8687129088211805e-05
2.8708534955512732e-05
2.8719739930238575e-05
2.8619859222089872e-05
2.8549386115628295e-05
2.8546912290039472e-05
2.865980059141293e-05
2.8561276849359274e-05
2.851812132576015e-05
2.8515831218101084e-05
2.8447147997212596e-05
2.8428014047676697e-05
2.8424305128282867e-05
2.8390688385115936e-05
2.8323138394625857e-05
2.8317837859503925e-05
2.837025749613531e-05
2.838570435415022e-05
2.8280150218051858e-05
2.8205924536450766e-05
2.8172722522867844e-05
2.8179971195640974e-05
2.8103166187065654e-05
2.8093129003536887e-05
2.8175980332889594e-05
2.8039177777827717e-05
2.807609962474089e-05
2.8055535949533805e-05
2.8025091523886658e-05
2.8035872674081475e-05
2.8055157599737868e-05
2.791760016407352e-05
2.7861731723533012e-05
2.7844831492984667e-05
2.7842512281495146e-05
2.7854217478306964e-05
2.7788122679339722e-05
2.7833071726490743e-05
2.7829200917039998e-05
2.7753138056141324e-05
2.7767189749283716e-05
2.7640035114018247e-05
2.7685564418789e-05
2.7616373699856922e-05
2.7566753487917595e-05
2.760806819424033e-05
2.7541422241483815e-05
2.7539292204892263e-05
2.75100701401243e-05
2.7510433938005008e-05
2.7560858143260702e-05
2.7496629627421498e-05
2.753197077254299e-05
2.747882535913959e-05
2.736583337537013e-05
2.74086523859296e-05
2.7414904252509587e-05
2.7376448997529224e-05
2.7246764148003422e-05
2.719836811593268e-05
2.724611113080755e-05
2.717632378335111e-05
2.7231186322751455e-05
2.7192403649678454e-05
2.7153733753948472e-05
2.7230058549321257e-05
2.7148054869030602e-05
2.710000626393594e-05
2.709179898374714e-05
2.7043666705139913e-05
2.7024796509067528e-05
2.694726390473079e-05
2.693620444915723e-05
2.7019290428142995e-05
2.6960609829984605e-05
2.685921390366275e-05
2.687450250959955e-05
2.684859646251425e-05
2.6797351893037558e-05
2.6847104891203344e-05
2.6777241146191955e-05
2.675959694897756e-05
2.677820339158643e-05
2.6733514459920116e-05
2.6694746338762343e-05
2.6698979127104394e-05
2.6586249077809043e-05
2.6602667276165448e-05
2.660721838765312e-05
2.6605323000694625e-05
2.6513724151300266e-05
2.6540285034570843e-05
2.6485102353035472e-05
2.6484740374144167e-05
2.649359157658182e-05
2.646820757945534e-05
2.634305928950198e-05
2.6420155336381868e-05
2.6367921236669645e-05
2.6345971491537057e-05
2.6293440896552056e-05
2.624111766635906e-05
2.6216388505417854e-05
2.6262358005624264e-05
2.6224535758956335e-05
2.6215964680886827e-05
2.6214251192868687e-05
2.614475306472741e-05
2.615551056805998e-05
2.6187733965343796e-05
2.6074501874973066e-05
2.617472091515083e-05
2.6081181204062887e-05
2.6042711397167295e-05
2.6013405658886768e-05
2.6044368496513925e-05
2.6046942366519943e-05
2.597531783976592e-05
2.596327249193564e-05
2.5865720090223476e-05
2.5907816961989738e-05
2.5956538593163714e-05
2.579968531790655e-05
2.587108247098513e-05
2.581375156296417e-05
2.577583654783666e-05
2.570674587332178e-05
2.58158688666299e-05
2.572678931755945e-05
2.5671875846455805e-05
2.5611354431021027e-05
2.576440056145657e-05
2.5594848921173252e-05
2.561551082180813e-05
2.5606761482777074e-05
2.5632100005168468e-05
2.5585031835362315e-05
2.5498080503894016e-05
2.554284037614707e-05
2.5511853891657665e-05
2.5509252736810595e-05
2.5486508093308657e-05
2.542048241593875e-05
2.5433761038584635e-05
2.5434870622120798e-05
2.5329747586511075e-05
2.531603786337655e-05
2.5274786821682937e-05
2.5188755898852833e-05
2.5251707484130748e-05
2.52588652074337e-05
2.5307390387752093e-05
2.5194738555001095e-05
2.5153703973046504e-05
2.5134180759778246e-05
2.5175015252898447e-05
2.5139715944533236e-05
2.508026227587834e-05
2.5097266188822687e-05
2.5023406124091707e-05
2.4981969545478933e-05
2.5079367333091795e-05
2.5048295356100425e-05
2.500141999917105e-05
2.4947174097178504e-05
2.493732790753711e-05
2.491350460331887e-05
2.491342820576392e-05
2.4816907171043567e-05
2.4750155716901645e-05
2.4722927264519967e-05
2.4835224394337274e-05
2.4870430934242904e-05
2.467978629283607e-05
2.4740897060837597e-05
2.4803008273011073e-05
2.4781766114756465e-05
2.4711887817829847e-05
2.464755561959464e-05
2.4610910259070806e-05
2.4632867280161008e-05
2.464939097990282e-05
2.460283212712966e-05
2.458131348248571e-05
2.460138057358563e-05
2.4484052119078115e-05
2.449237581458874e-05
2.4592693080194294e-05
2.45468345383415e-05
2.46217314270325e-05
2.4537213903386146e-05
2.446734106342774e-05
2.4459724954795092e-05
2.4398892492172308e-05
2.4395618311245926e-05
2.4371449399041012e-05
2.4345672500203364e-05
2.439436866552569e-05
2.4283534003188834e-05
2.4283477614517324e-05
2.4270977519336157e-05
2.424691047053784e-05
2.4274506358779036e-05
2.4161077817552723e-05
2.4248060071840882e-05
2.4191380362026393e-05
2.427846447972115e-05
2.4173601559596136e-05
2.4105762349790893e-05
2.419829434074927e-05
2.409934859315399e-05
2.4076456611510366e-05
2.4091101295198314e-05
2.3998203687369823e-05
2.403210601187311e-05
2.4031065549934283e-05
2.397185016889125e-05
2.392220267211087e-05
2.3992042770260014e-05
2.3990458430489525e-05
2.3891490855021402e-05
2.388711982348468e-05
2.3866923584137112e-05
2.380841578997206e-05
2.3833223167457618e-05
2.3855778636061586e-05
2.392473652435001e-05
2.377584678470157e-05
2.3840841095079668e-05
2.384851177339442e-05
2.3793505533831194e-05
2.3734672140562907e-05
2.3759319446980953e-05
2.3685977794229984e-05
2.3739759853924625e-05
2.3685028281761333e-05
2.3599699488840997e-05
2.3527996745542623e-05
2.3535789296147414e-05
2.359283644182142e-05
2.3543629140476696e-05
2.3600354325026274e-05
2.3550670448457822e-05
2.345120628888253e-05
2.343347659916617e-05
2.3452548703062348e-05
2.3402906663250178e-05
2.3395434254780412e-05
2.3441631128662266e-05
2.338792364753317e-05
2.337459591217339e-05
2.3306969524128363e-05
2.329800554434769e-05
2.3342048734775744e-05
2.3259028239408508e-05
2.325708010175731e-05
2.3319893443840556e-05
2.3301661713048816e-05
2.3329290343099274e-05
2.3188618797576055e-05
2.3241989765665494e-05
2.323664739378728e-05
2.3220522052724846e-05
2.323258922842797e-05
2.3199079805635847e-05
2.3183207304100506e-05
2.306836540810764e-05
2.31168232858181e-05
2.3106960725272074e-05
2.305387351952959e-05
2.3067308575264178e-05
2.2994743630988523e-05
2.30799905693857e-05
2.3005162802292034e-05
2.2991491277934983e-05
2.306037822563667e-05
2.2967336917645298e-05
2.2979929781286046e-05
2.2971587895881385e-05
2.2925274606677704e-05
2.2957812689128332e-05
2.2872689442010596e-05
2.286909511894919e-05
2.293303441547323e-05
2.28264198085526e-05
2.281064007547684e-05
2.2793457901570946e-05
2.2663030904368497e-05
2.2782860469305888e-05
2.2748654373572208e-05
2.2640109818894416e-05
2.264960676257033e-05
2.263538772240281e-05
2.2640251700067893e-05
2.266728006361518e-05
2.2647911464446224e-05
2.2634185370407067e-05
2.247176416858565e-05
2.2603644538321532e-05
2.2492116841021925e-05
2.2535557945957407e-05
2.2473332137451507e-05
2.249324825243093e-05
2.2405845811590552e-05
2.24546038225526e-05
2.2396730855689384e-05
2.245879477413837e-05
2.247302654723171e-05
2.2420883396989666e-05
2.2432173864217475e-05
2.2363572497852147e-05
2.236566251667682e-05
2.230600694019813e-05
2.2342170268530026e-05
2.230786776635796e-05
2.225538992206566e-05
2.2256843294599093e-05
2.2239135432755575e-05
2.218279587395955e-05
2.2162526875035837e-05
2.218640292994678e-05
2.210727325291373e-05
2.215630593127571e-05
2.2204370907275006e-05
2.212166327808518e-05
2.212931212852709e-05
2.201223287556786e-05
2.205626151408069e-05
2.2096135580795817e-05
2.202825271524489e-05
2.2011192413629033e-05
2.1956953787594102e-05
2.1947213099338114e-05
2.2067533791414462e-05
2.193128784711007e-05
2.200201379309874e-05
2.1995003407937475e-05
2.2023192286724225e-05
2.188747748732567e-05
2.1904097593505867e-05
2.187008249165956e-05
2.1882120563532226e-05
2.193700674979482e-05
2.1959300283924676e-05
2.1847585230716504e-05
2.176171801693272e-05
2.176608359150123e-05
2.1849304175702855e-05
2.1763207769254223e-05
2.175743065890856e-05
2.1762429241789505e-05
2.1722791643696837e-05
2.1686677428078838e-05
2.17294928006595e-05
2.1648909751093015e-05
2.1710653527406976e-05
2.1695304894819856e-05
2.156495065719355e-05
2.151249282178469e-05
2.1572817786363885e-05
2.1620371626340784e-05
2.1549209122895263e-05
2.1560268578468822e-05
2.1510766600840725e-05
2.1487963749677874e-05
2.1618929167743772e-05
2.1466326870722696e-05
2.1551119061768986e-05
2.142898847523611e-05
2.1496032786672004e-05
2.1553980332100764e-05
2.140231299563311e-05
2.1452044165926054e-05
2.1416151867015287e-05
2.1411600755527616e-05
2.1349989765440114e-05
2.1414356524473988e-05
2.135070644726511e-05
2.1454014131450094e-05
2.1458687115227804e-05
2.1393349015852436e-05
2.1323885448509827e-05
2.1321679014363326e-05
2.1339834347600117e-05
2.134612986992579e-05
2.132393819920253e-05
2.120617136824876e-05
2.1183115677558817e-05
2.115724782925099e-05
2.117880285368301e-05
2.113156733685173e-05
2.115880124620162e-05
2.1170417312532663e-05
2.111745379806962e-05
2.120135832228698e-05
2.1159774405532517e-05
2.1124973500263877e-05
2.1079542420920916e-05
2.1126643332536332e-05
2.1041303625679575e-05
2.0981555280741304e-05
2.0986433810321614e-05
2.098566801578272e-05
2.1023093722760677e-05
2.0947138182236813e-05
2.1013935111113824e-05
2.0973466234863736e-05
2.0909761587972753e-05
2.094654155371245e-05
