0.022556581002260958
0.0315160138000335
0.05541875772178173
0.07331813419503826
0.07021277504307884
0.11327825539878436
0.09294259947325502
0.1306904729987894
0.13420576442565238
0.12267833309514183
0.1614596630845751
0.12784983031451702
0.15675111806818418
0.15161601573761022
0.13274913227983884
0.15433784175132
0.1283752036147884
0.12631266125078713
0.13577231944405607
0.10151191029165473
0.12061312422156334
0.11353662333983396
0.09724762869466629
0.12550200508641346
0.10948539525270462
0.11941206801150527
0.13351877592504025
0.11542439913111073
0.12966251945389168
0.13573847844132356
0.12271247192152909
0.15290767220514162
0.1252296030787485
0.1345864273607731
0.1354680800411318
0.11315100161092621
0.13826309224324568
0.10794861987233162
0.11429368465074471
0.10063083855701345
0.09035937541297503
0.09919090356145586
0.08181771077215672
0.09390088250594479
0.08279202958302838
0.08597652401242938
0.08720184603173818
0.09092855666364942
0.09680732073528427
0.10567129602921861
