0.0162076223641634
0.05520162358880043
0.011890253983438015
0.007037721574306488
0.019590387120842934
0.01766493171453476
0.009873464703559875
0.007526223082095385
0.005782351829111576
0.007513220887631178
0.009677599184215069
0.008502455428242683
0.007995855063199997
0.005712580401450396
0.003596108639612794
0.0035364862997084856
0.003779737511649728
0.004159437958151102
0.004870336968451738
0.004556370433419943
0.002973983995616436
0.0016332136001437902
0.0014728273963555694
0.00197582202963531
0.002336673205718398
0.002334092976525426
0.002048754133284092
0.0015888900961726904
0.001249243039637804
0.0013561388477683067
0.0017620186554268003
0.00190338387619704
0.001525052939541638
0.0010184583952650428
0.0008759626653045416
0.0010545551776885986
0.0011653469409793615
0.0010937630431726575
0.0009753114427439868
0.0008410566370002925
0.000737047113943845
0.0008003577240742743
0.0009523070766590536
0.00096794159617275
0.0008644640911370516
0.0007935682660900056
0.0007721027941443026
0.0007866896921768785
0.0008406178676523268
0.000848711293656379
0.0007688238401897252
0.0006951697869226336
0.0006820156122557819
0.0006926211644895375
0.0007046612445265055
0.0007026471430435777
0.0006680578808300197
0.0006378661491908133
0.0006540996255353093
0.0006856268737465143
0.0006914011901244521
0.0006799757247790694
0.0006664351094514132
0.0006572957499884069
0.0006633732700720429
0.0006724388222210109
0.0006615160382352769
0.0006423643208108842
0.0006362796993926167
0.000638593512121588
0.0006419933633878827
0.0006441581062972546
0.0006389872287400067
0.0006332966731861234
0.0006372291827574372
0.0006429203203879297
0.0006431397632695735
0.0006407148903235793
0.0006367234163917601
0.0006345729343593121
0.0006367078749462962
0.0006370359915308654
0.0006336985970847309
0.0006312859477475286
0.0006306915311142802
0.00063161994330585
0.0006331641925498843
0.0006324878195300698
0.0006309208110906184
0.0006312584737315774
0.0006321902037598193
0.0006324328132905066
0.0006319704698398709
0.0006307793664745986
0.0006303165573626757
0.0006308886804617941
0.000630861846730113
0.0006302596302703023
0.0006298529915511608
0.0006297362269833684
0.0006300937384366989
0.0006303052650764585
0.0006299083470366895
0.0006296634091995656
0.0006297533982433379
0.0006298483349382877
0.0006298644002526999
0.0006296150386333466
0.0006293878541328013
0.0006294787162914872
0.0006295362254604697
0.000629447225946933
0.0006293209735304117
0.0006292141042649746
0.0006292637553997338
0.0006293072947300971
0.0006292028701864183
0.0006291190511547029
0.0006290969322435558
0.0006291124736890197
0.0006291206227615476
0.0006290429155342281
0.0006289826123975217
0.0006289866287261248
0.0006289767334237695
0.0006289443117566407
0.0006288845906965435
0.0006288397125899792
0.0006288386066444218
0.0006288192817009985
0.0006287792348302901
0.0006287459400482476
0.0006287244614213705
0.0006287188152782619
0.0006286966381594539
0.000628658221103251
0.0006286328425630927
0.000628612469881773
0.000628590933047235
0.0006285604322329164
0.0006285254494287074
0.0006285042036324739
0.0006284847040660679
0.0006284600822255015
0.0006284335977397859
0.0006284080445766449
0.0006283888942562044
0.0006283671827986836
0.0006283397669903934
0.0006283135153353214
0.0006282890681177378
0.0006282664835453033
0.0006282411050051451
0.0006282140966504812
0.0006281901733018458
0.0006281669484451413
0.0006281434325501323
0.0006281185778789222
0.0006280935485847294
0.000628070323728025
0.0006280465167947114
0.0006280210800468922
0.0006279961089603603
0.0006279714871197939
0.0006279475055634975
0.0006279225926846266
0.000627897388767451
0.0006278728833422065
0.0006278487271629274
0.0006278243381530046
0.00062779919244349
0.0006277745706029236
0.0006277500069700181
0.000627725210506469
0.0006277002394199371
0.0006276752101257443
0.0006276503554545343
0.0006276257336139679
0.0006276008207350969
0.0006275756750255823
0.0006275508785620332
0.0006275259656831622
0.0006275009363889694
0.0006274757324717939
0.0006274505867622793
0.0006274257320910692
0.0006274005863815546
0.00062737544067204
0.0006273503531701863
0.0006273248582147062
0.0006273000035434961
0.000627274566795677
0.0006272493628785014
0.0006272242753766477
0.0006271987804211676
0.0006271735182963312
0.0006271482561714947
0.0006271227612160146
0.0006270974990911782
0.0006270722369663417
0.0006270466255955398
0.0006270211306400597
0.0006269958103075624
0.0006269702571444213
0.0006269445875659585
0.0006269191508181393
0.0006268934230320156
0.0006268680444918573
0.0006268424913287163
0.0006268168799579144
0.0006267912685871124
0.0006267657154239714
0.0006267399876378477
0.0006267142598517239
0.0006266885902732611
0.0006266627460718155
0.0006266373675316572
0.0006266115233302116
0.0006265856209211051
0.0006265599513426423
0.0006265341071411967
0.0006265081465244293
0.0006264826515689492
0.0006264568073675036
0.0006264306721277535
0.0006264050607569516
0.0006263790419325233
0.0006263531977310777
0.0006263272953219712
0.0006263013347052038
0.0006262753740884364
0.0006262494716793299
0.0006262233364395797
0.0006261973758228123
0.0006261717062443495
0.0006261454545892775
0.0006261194939725101
0.00062609335873276
0.0006260673981159925
0.0006260413792915642
0.0006260150112211704
0.0006259891670197248
0.0006259632646106184
0.0006259370711632073
0.0006259108777157962
0.000625884800683707
0.0006258587236516178
0.0006258322391659021
0.0006258062785491347
0.0006257800268940628
0.0006257539498619735
0.0006257276982069016
0.0006257015629671514
0.0006256752531044185
0.0006256490014493465
0.0006256229244172573
0.0006255966145545244
0.0006255701300688088
0.0006255439948290586
0.0006255176267586648
0.0006254914915189147
0.0006254651234485209
0.0006254388717934489
0.0006254125037230551
0.0006253861938603222
0.0006253600004129112
0.0006253335159271955
0.0006253071478568017
0.000625280779786408
0.0006252543535083532
0.0006252282182686031
0.0006252017919905484
0.0006251750746741891
0.0006251487066037953
0.0006251223385334015
0.0006250959704630077
0.0006250692531466484
0.0006250432343222201
0.0006250167498365045
0.0006249903817661107
0.0006249637808650732
0.0006249374710023403
0.000624910811893642
0.0006248842109926045
0.0006248578429222107
0.0006248313584364951
0.0006248049321584404
0.0006247783312574029
0.0006247519631870091
0.0006247251876629889
0.0006246989360079169
0.0006246721604838967
0.0006246456177905202
0.0006246189004741609
0.0006245924159884453
0.0006245659315027297
0.0006245392723940313
0.0006245129625312984
0.0006244860123842955
0.0006244594696909189
0.0006244329269975424
0.0006244063260965049
0.0006243796087801456
0.0006243530078791082
0.0006243265233933926
0.0006242999224923551
0.000624273088760674
0.0006242463714443147
0.0006242198287509382
0.0006241929368115962
0.0006241663941182196
0.0006241396768018603
0.000624113017693162
0.0006240864749997854
0.0006240596412681043
0.000624032923951745
0.0006240061484277248
0.0006239794311113656
0.0006239528302103281
0.0006239258800633252
0.0006238991627469659
0.0006238725036382675
0.0006238457281142473
0.0006238188943825662
0.0006237924098968506
0.0006237655761651695
0.0006237387424334884
0.0006237116176635027
0.0006236850749701262
0.0006236581830307841
0.0006236314657144248
0.0006236046319827437
0.0006235777982510626
0.0006235511391423643
0.0006235240725800395
0.0006234973552636802
0.00062347057973966
0.0006234436295926571
0.000623416795860976
0.000623389845713973
0.000623362953774631
0.0006233361200429499
0.0006233089370653033
0.000623282219748944
0.000623255327809602
0.0006232285522855818
0.0006232013693079352
0.000623174593783915
0.0006231476436369121
0.0006231206352822483
0.0006230935105122626
0.0006230667931959033
0.0006230397266335785
0.0006230127764865756
0.0006229857099242508
0.0006229589926078916
0.0006229316932149231
0.0006229047430679202
0.0006228778511285782
0.0006228509009815753
0.0006228237180039287
0.000622796593233943
0.0006227695266716182
0.0006227428093552589
0.0006227154517546296
0.0006226885016076267
0.0006226612604223192
0.000622634484898299
0.0006226072437129915
0.0006225802935659885
0.000622553052380681
0.0006225259858183563
0.0006224986864253879
0.0006224716198630631
0.0006224443786777556
0.000622417195700109
0.0006223903619684279
0.0006223630043677986
0.000622335821390152
0.0006223085802048445
0.0006222815136425197
0.0006222541560418904
0.0006222271476872265
0.0006221996736712754
0.0006221726653166115
0.0006221451330929995
0.0006221181829459965
0.0006220906507223845
0.0006220635259523988
0.0006220362847670913
0.000622008868958801
0.0006219814531505108
0.000621954386588186
0.0006219270289875567
0.0006218994967639446
0.0006218724302016199
0.0006218451308086514
0.0006218177150003612
0.0006217901245690882
0.0006217628833837807
0.0006217355257831514
0.0006217079935595393
0.0006216805777512491
0.0006216531037352979
0.0006216256297193468
0.0006215985049493611
0.0006215707981027663
0.0006215432076714933
0.000621515850070864
0.0006214882014319301
0.0006214607856236398
0.0006214332534000278
0.0006214056047610939
0.0006213780725374818
0.0006213505985215306
0.0006213230662979186
0.0006212955340743065
0.0006212678854353726
0.0006212402367964387
0.0006212127627804875
0.0006211850559338927
0.0006211573490872979
0.0006211297586560249
0.0006211020518094301
0.0006210742867551744
0.0006210466381162405
0.0006210188148543239
0.0006209909915924072
0.0006209634011611342
0.0006209356943145394
0.000620907754637301
0.0006208799895830452
0.0006208520499058068
0.000620824343059212
0.0006207966362126172
0.0006207686383277178
0.000620740931481123
0.0006207127589732409
0.0006206849939189851
0.0006206569960340858
0.0006206293473951519
0.0006206010584719479
0.0006205732934176922
0.000620545179117471
0.0006205172394402325
0.0006204891251400113
0.0006204611854627728
0.0006204332457855344
0.0006204051896929741
0.0006203770753927529
0.000620348728261888
0.0006203207885846496
0.0006202926742844284
0.0006202645017765462
0.0006202363292686641
0.0006202080985531211
0.0006201800424605608
0.0006201516953296959
0.000620123406406492
0.0006200949428603053
0.000620066886767745
0.0006200383650138974
0.0006200100760906935
0.0006199819617904723
0.0006199535564519465
0.0006199251511134207
0.0006198969203978777
0.0006198683404363692
0.0006198399350978434
0.0006198115297593176
0.0006197831244207919
0.0006197543116286397
0.0006197259062901139
0.0006196973845362663
0.0006196688627824187
0.0006196402246132493
0.000619611528236419
0.0006195829482749104
0.000619554310105741
0.0006195256137289107
0.0006194967427290976
0.00061946822097525
0.0006194395245984197
0.0006194107700139284
0.0006193819572217762
0.0006193530862219632
0.000619324273429811
0.0006192954606376588
0.0006192663568072021
0.0006192376604303718
0.0006192086148075759
0.000619179685600102
0.0006191505817696452
0.0006191217107698321
0.0006190926651470363
0.0006190635031089187
0.0006190343992784619
0.0006190052954480052
0.0006189762498252094
0.000618946913164109
0.0006189178675413132
0.0006188885308802128
0.0006188595434650779
0.0006188300321809947
0.0006188007537275553
0.0006187716498970985
0.0006187421386130154
0.0006187126273289323
0.0006186832906678319
0.0006186537793837488
0.0006186243845149875
0.0006185950478538871
0.0006185655947774649
0.0006185358506627381
0.0006185062229633331
0.0006184767698869109
0.0006184472003951669
0.0006184176891110837
0.0006183874793350697
0.0006183579098433256
0.0006183282239362597
0.000618298479821533
0.0006182686192914844
0.0006182386423461139
0.0006182087818160653
0.0006181789212860167
0.0006181489443406463
0.0006181191420182586
0.0006180891650728881
0.000618058955296874
0.0006180289783515036
0.0006179987685754895
0.0006179687334224582
0.0006179386400617659
0.0006179081392474473
0.0006178779876790941
0.0006178476614877582
0.0006178173352964222
0.0006177870091050863
0.0006177566829137504
0.0006177261820994318
0.0006176960887387395
0.0006176653550937772
0.0006176349124871194
0.000617604237049818
0.0006175735616125166
0.0006175429443828762
0.0006175121525302529
0.0006174817681312561
0.000617450918070972
0.0006174201262183487
0.0006173893343657255
0.0006173584260977805
0.0006173275178298354
0.0006172964931465685
0.0006172657012939453
0.0006172347930260003
0.0006172034190967679
0.0006171723362058401
0.0006171413115225732
0.0006171100540086627
0.0006170788547024131
0.0006170476553961635
0.000617016339674592
0.0006169851403683424
0.0006169538828544319
0.0006169221014715731
0.0006168908439576626
0.0006168593536131084
0.0006168277468532324
0.0006167960818856955
0.0006167644751258194
0.0006167327519506216
0.0006167010287754238
0.0006166694220155478
0.0006166373495943844
0.0006166058010421693
0.0006165739614516497
0.0006165418890304863
0.0006165097001940012
0.0006164780352264643
0.0006164456717669964
0.000616413657553494
0.0006163815269246697
0.0006163492216728628
0.0006163169746287167
0.0006162846693769097
0.0006162522477097809
0.000616219942457974
0.0006161874043755233
0.0006161549827083945
0.000616122386418283
0.0006160897901281714
0.0006160571938380599
0.0006160242483019829
0.000615991884842515
0.0006159588810987771
0.0006159261683933437
0.0006158932228572667
0.0006158601609058678
0.0006158271571621299
0.000615794095210731
0.0006157609168440104
0.0006157278548926115
0.0006156946765258908
0.0006156614399515092
0.0006156281451694667
0.0006155945011414587
0.0006155612063594162
0.0006155276205390692
0.0006154942093417048
0.0006154606817290187
0.0006154269212856889
0.0006153931026346982
0.0006153594003990293
0.0006153256981633604
0.0006152918213047087
0.0006152578280307353
0.0006152237765491009
0.0006151897250674665
0.000615155790001154
0.0006151215638965368
0.0006150874542072415
0.0006150533445179462
0.0006150187109597027
0.0006149843684397638
0.0006149498512968421
0.000614915625192225
0.0006148808752186596
0.0006148461834527552
0.0006148115498945117
0.0006147767417132854
0.0006147416424937546
0.0006147068925201893
0.0006146719679236412
0.0006146370433270931
0.0006146018276922405
0.0006145668448880315
0.0006145315710455179
0.0006144962972030044
0.000614460906945169
0.0006144256331026554
0.0006143901264294982
0.0006143546779640019
0.000614318938460201
0.0006142834899947047
0.000614247634075582
0.0006142117781564593
0.0006141758640296757
0.0006141401245258749
0.0006141039775684476
0.0006140678306110203
0.0006140318000689149
0.0006139953038655221
0.0006139592151157558
0.0006139228935353458
0.0006138865719549358
0.0006138499593362212
0.0006138132885098457
0.0006137768505141139
0.0006137400050647557
0.0006137033342383802
0.0006136661395430565
0.000613629468716681
0.000613592506852001
0.0006135552539490163
0.0006135182338766754
0.0006134810391813517
0.000613443786278367
0.0006134062423370779
0.0006133687566034496
0.0006133312708698213
0.0006132937269285321
0.0006132557173259556
0.0006132185226306319
0.0006131803966127336
0.0006131423870101571
0.0006131044356152415
0.0006130665424279869
0.0006130282417871058
0.0006129898247309029
0.0006129516405053437
0.0006129133398644626
0.0006128745735622942
0.0006128362729214132
0.0006127974484115839
0.0006127586821094155
0.0006127199158072472
0.0006126812077127397
0.0006126420339569449
0.0006126028602011502
0.0006125635118223727
0.0006125245708972216
0.000612485280726105
0.000612445583101362
0.0006124064093455672
0.0006123666535131633
0.0006123270140960813
0.0006122872582636774
0.0006122473278082907
0.000612207455560565
0.0006121672340668738
0.0006121272454038262
0.0006120869657024741
0.0006120466277934611
0.0006120064645074308
0.0006119657773524523
0.0006119251484051347
0.0006118844612501562
0.0006118438323028386
0.0006118029123172164
0.0006117617595009506
0.0006117207231000066
0.0006116798613220453
0.0006116382428444922
0.00061159732285887
0.0006115557043813169
0.0006115142023190856
0.0006114723510108888
0.0006114308489486575
0.0006113888812251389
0.0006113466224633157
0.0006113050039857626
0.0006112625706009567
0.0006112205446697772
0.0006111781112849712
0.0006111354450695217
0.0006110931863076985
0.0006110503454692662
0.0006110076792538166
0.0006109648966230452
0.0006109218811616302
0.0006108788657002151
0.0006108357338234782
0.0006107924855314195
0.0006107488297857344
0.0006107052904553711
0.0006106618093326688
0.0006106178625486791
0.0006105742650106549
0.0006105302600190043
0.0006104861968196929
0.0006104419589973986
0.0006103977793827653
0.000610353599768132
0.0006103090709075332
0.0006102644838392735
0.0006102198967710137
0.0006101749022491276
0.0006101300241425633
0.0006100849132053554
0.0006100396276451647
0.0006099944585002959
0.0006099489983171225
0.000609903538133949
0.0006098575540818274
0.0006098121521063149
0.0006097661098465323
0.0006097198347561061
0.0006096738507039845
0.000609627750236541
0.0006095815915614367
0.0006095346761867404
0.0006094881100580096
0.000609441427513957
0.0006093946867622435
0.000609347247518599
0.0006093004485592246
0.0006092532421462238
0.0006092057446949184
0.0006091583054512739
0.0006091106915846467
0.0006090630195103586
0.000609014998190105
0.0006089670932851732
0.0006089190719649196
0.0006088707013987005
0.0006088222726248205
0.0006087736110202968
0.0006087252404540777
0.0006086762296035886
0.0006086271023377776
0.0006085782079026103
0.0006085289642214775
0.0006084796041250229
0.0006084301858209074
0.0006083805346861482
0.000608330883551389
0.0006082808249630034
0.0006082307663746178
0.0006081807077862322
0.000608130416367203
0.0006080797174945474
0.0006080291350372136
0.0006079784361645579
0.0006079274462535977
0.0006078766309656203
0.0006078253500163555
0.0006077740108594298
0.0006077228463254869
0.0006076709250919521
0.0006076191784814
0.0006075671408325434
0.0006075152778066695
0.0006074628909118474
0.0006074106204323471
0.0006073578842915595
0.0006073055556043983
0.0006072524702176452
0.0006071995594538748
0.0006071465322747827
0.0006070930394344032
0.0006070395465940237
0.0006069859955459833
0.0006069322116672993
0.0006068782531656325
0.0006068241782486439
0.0006067698122933507
0.0006067156791687012
0.0006066610221751034
0.0006066064233891666
0.0006065514171496034
0.0006064963527023792
0.0006064411718398333
0.0006063856417313218
0.0006063299952074885
0.000606274523306638
0.0006062186439521611
0.0006061622989363968
0.0006061061285436153
0.000606049841735512
0.000605993322096765
0.0006059364532120526
0.000605879642535001
0.000605822482611984
0.000605765322688967
0.0006057078717276454
0.0006056498386897147
0.0006055923295207322
0.0006055341800674796
0.0006054762052372098
0.0006054178811609745
0.0006053593242540956
0.0006053007673472166
0.0006052417447790504
0.0006051826057955623
0.0006051235250197351
0.0006050638621672988
0.0006050043157301843
0.0006049447110854089
0.0006048844079487026
0.0006048243376426399
0.0006047638598829508
0.0006047033821232617
0.0006046426715329289
0.0006045816116966307
0.0006045205518603325
0.000604459026362747
0.0006043976754881442
0.0006043359753675759
0.0006042738677933812
0.0006042117602191865
0.0006041493033990264
0.0006040869047865272
0.0006040243315510452
0.0006039611762389541
0.0006038981373421848
0.0006038348656147718
0.0006037711864337325
0.0006037073908373713
0.0006036435370333493
0.0006035794503986835
0.0006035146070644259
0.0006034504040144384
0.0006033855606801808
0.0006033204845152795
0.0006032552337273955
0.0006031898665241897
0.0006031239754520357
0.0006030584336258471
0.0006029920768924057
0.0006029258947819471
0.000602859363425523
0.0006027927156537771
0.0006027257186360657
0.0006026586052030325
0.000602590967901051
0.0006025232723914087
0.0006024555186741054
0.0006023874739184976
0.0006023189635016024
0.0006022506859153509
0.0006021817680448294
0.0006021126173436642
0.0006020433502271771
0.0006019737338647246
0.000601904233917594
0.0006018341518938541
0.0006017641280777752
0.0006016937550157309
0.0006016227416694164
0.0006015521357767284
0.0006014809478074312
0.0006014094105921686
0.0006013379315845668
0.000601265870500356
0.0006011936930008233
0.0006011213408783078
0.0006010489305481315
0.0006009758799336851
0.0006009026546962559
0.0006008293712511659
0.0006007557385601103
0.0006006818148307502
0.0006006076582707465
0.0006005331524647772
0.0006004585302434862
0.0006003837333992124
0.0006003084126859903
0.0006002331501804292
0.000600157305598259
0.0006000814610160887
0.0006000052089802921
0.00059992860769853
0.0005998516571708024
0.0005997743573971093
0.0005996973486617208
0.0005996194086037576
0.0005995414685457945
0.0005994634702801704
0.00059938506456092
0.0005993062513880432
0.0005992273800075054
0.0005991481011733413
0.0005990687059238553
0.0005989886121824384
0.0005989084602333605
0.0005988280172459781
0.000598747341427952
0.0005986663163639605
0.0005985850584693253
0.0005985033349134028
0.0005984216695651412
0.0005983395967632532
0.000598257000092417
0.0005981741123832762
0.0005980910500511527
0.0005980075220577419
0.0005979242268949747
0.0005978397675789893
0.0005977556575089693
0.0005976710235700011
0.0005975862150080502
0.0005975008825771511
0.0005974152591079473
0.0005973295192234218
0.000597243313677609
0.0005971569917164743
0.0005970702040940523
0.0005969828926026821
0.0005968956975266337
0.0005968076875433326
0.0005967196775600314
0.0005966312601231039
0.0005965424352325499
0.0005964534357190132
0.0005963639123365283
0.0005962743307463825
0.0005961842834949493
0.0005960935959592462
0.0005960029666312039
0.0005959118134342134
0.0005958204856142402
0.0005957287503406405
0.0005956363747827709
0.0005955441738478839
0.0005954509251751006
0.0005953581421636045
0.0005952647188678384
0.0005951707134954631
0.0005950763006694615
0.0005949819460511208
0.0005948868347331882
0.0005947916652075946
0.000594695913605392
0.0005945999291725457
0.0005945034790784121
0.0005944065633229911
0.0005943094147369266
0.0005942120915278792
0.0005941142444498837
0.0005940160481259227
0.0005939173279330134
0.0005938183167017996
0.0005937189562246203
0.0005936190136708319
0.0005935188964940608
0.0005934183136560023
0.0005933173233643174
0.0005932159256190062
0.0005931142368353903
0.0005930117913521826
0.0005929094622842968
0.0005928066093474627
0.0005927033489570022
0.0005925997393205762
0.0005924953147768974
0.0005923908902332187
0.0005922858836129308
0.0005921805859543383
0.0005920747644267976
0.0005919687100686133
0.0005918620154261589
0.0005917547969147563
0.0005916474619880319
0.0005915396614000201
0.0005914315115660429
0.0005913227214477956
0.0005912132910452783
0.0005911039188504219
0.0005909937317483127
0.0005908833118155599
0.000590772251598537
0.0005906611913815141
0.0005905494326725602
0.000590437208302319
0.0005903243436478078
0.0005902111297473311
0.0005900974501855671
0.0005899835377931595
0.0005898689851164818
0.0005897540249861777
0.0005896384827792645
0.0005895225913263857
0.0005894063506275415
0.0005892895278520882
0.0005891724140383303
0.0005890545435249805
0.0005889361491426826
0.0005888174055144191
0.0005886983126401901
0.0005885784048587084
0.0005884584388695657
0.0005883377161808312
0.0005882164696231484
0.0005880948156118393
0.000587972579523921
0.0005878498195670545
0.0005877268267795444
0.0005876032519154251
0.0005874789203517139
0.0005873542395420372
0.0005872292094863951
0.0005871032481081784
0.000586977053899318
0.0005868503358215094
0.0005867230938747525
0.0005865950370207429
0.0005864669801667333
0.0005863381666131318
0.000586208829190582
0.0005860785022377968
0.0005859480006620288
0.0005858172662556171
0.0005856853676959872
0.0005855535855516791
0.0005854208138771355
0.0005852876929566264
0.0005851539899595082
0.0005850194720551372
0.0005848846631124616
0.000584749155677855
0.0005846130661666393
0.0005844761617481709
0.0005843393155373633
0.0005842015380039811
0.000584063061978668
0.0005839241784997284
0.000583784596528858
0.0005836448399350047
0.0005835038027726114
0.0005833624163642526
0.0005832207389175892
0.0005830781301483512
0.0005829352303408086
0.0005827914574183524
0.0005826469277963042
0.0005825021071359515
0.0005823566461913288
0.000582210486754775
0.0005820635706186295
0.0005819159559905529
0.00058176793390885
0.000581619213335216
0.0005814699688926339
0.0005813199677504599
0.0005811692681163549
0.0005810181028209627
0.000580865889787674
0.0005807136185467243
0.0005805601831525564
0.0005804063403047621
0.0005802516243420541
0.0005800965591333807
0.0005799403297714889
0.0005797838675789535
0.0005796265904791653
0.0005794689059257507
0.0005793101154267788
0.0005791507428511977
0.0005789904971607029
0.00057882972760126
0.000578668259549886
0.0005785062094219029
0.0005783434025943279
0.0005781796062365174
0.0005780155770480633
0.0005778505583293736
0.0005776850157417357
0.0005775184254162014
0.0005773509619757533
0.000577183032874018
0.0005770144634880126
0.0005768447881564498
0.0005766748217865825
0.0005765036912634969
0.0005763322697021067
0.0005761596257798374
0.0005759863997809589
0.0005758124170824885
0.0005756377358920872
0.0005754618905484676
0.0005752856959588826
0.0005751082790084183
0.0005749306874349713
0.0005747521645389497
0.0005745725356973708
0.000574392091948539
0.0005742110661230981
0.0005740291089750826
0.0005738462787121534
0.0005736628081649542
0.0005734784645028412
0.0005732932477258146
0.0005731071578338742
0.0005729202530346811
0.0005727324751205742
0.0005725439405068755
0.0005723544745706022
0.0005721641355194151
0.0005719728069379926
0.0005717810709029436
0.0005715879960916936
0.00057139404816553
0.0005711996927857399
0.0005710041150450706
0.0005708077223971486
0.0005706105148419738
0.000570411910302937
0.0005702127236872911
0.0005700127221643925
0.0005698117893189192
0.0005696096341125667
0.0005694068968296051
0.0005692032864317298
0.0005689985118806362
0.000568792806006968
0.000568586285226047
0.0005683787167072296
0.0005681702750734985
0.0005679611931554973
0.0005677504814229906
0.0005675391876138747
0.0005673268460668623
0.0005671134567819536
0.0005668991361744702
0.0005666836514137685
0.0005664675263687968
0.000566250120755285
0.0005660317838191986
0.0005658125155605376
0.0005655920249409974
0.0005653706029988825
0.0005651483661495149
0.0005649246741086245
0.000564700283575803
0.0005644748453050852
0.0005642481264658272
0.0005640204180963337
0.0005637918366119266
0.0005635620327666402
0.0005633311229757965
0.0005630988744087517
0.0005628659855574369
0.0005626320489682257
0.0005623968900181353
0.0005621606833301485
0.0005619229050353169
0.0005616839043796062
0.000561444612685591
0.0005612036911770701
0.0005609617801383138
0.0005607185303233564
0.0005604745238088071
0.0005602290038950741
0.0005599822616204619
0.0005597347626462579
0.0005594857502728701
0.0005592358065769076
0.0005589842912741005
0.0005587320774793625
0.0005584782920777798
0.0005582234589383006
0.0005579675198532641
0.0005577100673690438
0.0005574515671469271
0.0005571917281486094
0.0005569304921664298
0.0005566685576923192
0.0005564052844420075
0.0005561402649618685
0.0005558743723668158
0.0005556071409955621
0.0005553383380174637
0.0005550688365474343
0.0005547977634705603
0.0005545252934098244
0.0005542518920265138
0.0005539764533750713
0.0005536999669857323
0.0005534223164431751
0.0005531435017473996
0.000552863406483084
0.0005525813903659582
0.0005522987339645624
0.0005520142731256783
0.0005517285317182541
0.0005514416261576116
0.0005511529161594808
0.00055086356587708
0.0005505717126652598
0.0005502793355844915
0.0005499855615198612
0.0005496896337717772
0.0005493929493241012
0.0005490946932695806
0.0005487948656082153
0.0005484938737936318
0.0005481913103722036
0.0005478870589286089
0.0005475818761624396
0.0005472747143357992
0.0005469663883559406
0.0005466564325615764
0.0005463451379910111
0.0005460325628519058
0.0005457184161059558
0.0005454040365293622
0.0005450883181765676
0.0005447733565233648
0.0005444617127068341
0.0005441599641926587
0.0005438831285573542
0.0005436667706817389
0.0005436012288555503
0.0005439059459604323
0.000545147864613682
0.0005487680318765342
0.000558559549972415
0.0005843564285896719
0.0006520392489619553
0.0008234299020841718
0.0012282133102416992
0.0019518370972946286
0.0025620979722589254
0.0017438748618587852
0.0005975730600766838
0.001226642169058323
0.0013099601492285728
0.0006390982307493687
0.0012045791372656822
0.0008509751642122865
0.0007983307586982846
0.0010390181560069323
0.0006187576218508184
0.0009301049867644906
0.0007414875435642898
0.0006424919120036066
0.0008639057632535696
0.0005935914814472198
0.0006739305681549013
0.0007681053248234093
0.0005601654411293566
0.0006620123167522252
0.0007101375958882272
0.0005592470988631248
0.0006376212113536894
0.000668737047817558
0.00055939971935004
0.0006181415519677103
0.0006299178348854184
0.000554557831492275
0.0006049948860891163
0.0005940978298895061
0.0005518359248526394
0.0005948792095296085
0.0005670769023708999
0.0005574803217314184
0.0005841879756189883
0.0005534921656362712
0.0005664119962602854
0.0005709984106943011
0.0005511175841093063
0.0005691286642104387
0.0005581600125879049
0.000553250836674124
0.0005641765310429037
0.0005501312552951276
0.0005549454945139587
0.0005570095381699502
0.0005474689533002675
0.000554803351406008
0.0005516513483598828
0.0005474213976413012
0.0005532533978112042
0.0005484917783178389
0.0005476188962347806
0.0005511015770025551
0.0005466184811666608
0.0005472966004163027
0.0005488971946761012
0.0005453132325783372
0.0005465077119879425
0.0005468723829835653
0.000544263340998441
0.000545502349268645
0.0005451581091620028
0.0005434210761450231
0.0005444970447570086
0.0005438037915155292
0.0005427371361292899
0.0005435326602309942
0.0005427018622867763
0.0005420594243332744
0.0005425396957434714
0.0005416999338194728
0.0005412849131971598
0.000541507441084832
0.0005407435819506645
0.00054044125135988
0.00054050178732723
0.0005398497451096773
0.0005395911866798997
0.0005395574844442308
0.0005390050355345011
0.0005387454875744879
0.0005386488628573716
0.0005381710943765938
0.0005378886708058417
0.0005377468187361956
0.0005373244057409465
0.0005370177677832544
0.0005368422134779394
0.0005364646785892546
0.0005361412186175585
0.0005359380156733096
0.0005355970934033394
0.0005352639709599316
0.000535036320798099
0.0005347221158444881
0.000534385209903121
0.0005341340438462794
0.000533838348928839
0.000533502665348351
0.0005332283326424658
0.0005329425330273807
0.0005326112150214612
0.0005323165096342564
0.0005320321070030332
0.0005317095201462507
0.0005313993315212429
0.0005311104469001293
0.0005307968240231276
0.0005304779042489827
0.0005301801138557494
0.0005298728356137872
0.0005295511218719184
0.0005292422720231116
0.0005289362161420286
0.0005286161904223263
0.0005282973870635033
0.0005279869074001908
0.0005276697338558733
0.000527345750015229
0.0005270277033559978
0.0005267108208499849
0.0005263857892714441
0.0005260609905235469
0.0005257400334812701
0.0005254157003946602
0.0005250871181488037
0.0005247592926025391
0.0005244333879090846
0.000524102826602757
0.0005237709847278893
0.0005234399577602744
0.0005231078248471022
0.0005227731307968497
0.0005224375054240227
0.0005221019382588565
0.0005217653815634549
0.0005214262055233121
0.0005210865056142211
0.0005207461072131991
0.0005204047192819417
0.0005200615851208568
0.0005197174614295363
0.000519372581038624
0.0005190265364944935
0.0005186792113818228
0.0005183305474929512
0.0005179813597351313
0.000517631066031754
0.0005172789096832275
0.0005169264040887356
0.0005165725015103817
0.0005162176094017923
0.0005158616695553064
0.0005155048565939069
0.0005151464138180017
0.0005147871561348438
0.000514427141752094
0.0005140654975548387
0.0005137028638273478
0.0005133397062309086
0.0005129756755195558
0.000512609607540071
0.0005122429574839771
0.0005118752014823258
0.0005115067469887435
0.0005111370701342821
0.0005107659962959588
0.0005103946314193308
0.0005100217531435192
0.0005096481763757765
0.0005092732608318329
0.0005088975885882974
0.0005085208103992045
0.0005081429262645543
0.0005077641690149903
0.0005073848296888173
0.0005070040351711214
0.00050662289140746
0.0005062401760369539
0.0005058566457591951
0.0005054726498201489
0.0005050873151049018
0.0005047015147283673
0.0005043139099143445
0.0005039259558543563
0.0005035374779254198
0.0005031477776356041
0.0005027576698921621
0.0005023665726184845
0.000501974078360945
0.0005015812930651009
0.000501187692862004
0.0005007931613363326
0.000500397989526391
0.0005000019446015358
0.0004996051429770887
0.0004992078756913543
0.0004988096188753843
0.0004984110128134489
0.0004980112425982952
0.0004976110067218542
0.0004972105962224305
0.000496808672323823
0.00049640703946352
0.0004960041842423379
0.0004956010379828513
0.0004951972514390945
0.0004947927081957459
0.0004943879903294146
0.0004939830978401005
0.0004935772158205509
0.0004931712755933404
0.0004927651025354862
0.000492359627969563
0.0004919549683108926
0.0004915536846965551
0.0004911607247777283
0.0004907867987640202
0.0004904596717096865
0.0004902488435618579
0.0004903310327790678
0.0004911729483865201
0.0004940153448842466
0.0005022365949116647
0.0005252296105027199
0.0005885972059331834
0.0007620991673320532
0.001198920072056353
0.002112171845510602
0.0029829456470906734
0.0022033301647752523
0.0005711301346309483
0.0013931433204561472
0.0014547170139849186
0.0006278592627495527
0.0014415173791348934
0.0007327300845645368
0.0010729024652391672
0.0009210529970005155
0.0007595406495966017
0.0010037794709205627
0.0005825563566759229
0.0009456908446736634
0.0005747294635511935
0.0007552052848041058
0.0006960870232433081
0.0005479963729158044
0.000765821838285774
0.0005241570761427283
0.0006443978054448962
0.0006535975262522697
0.0005154968239367008
0.0006679499638266861
0.0005603665485978127
0.0005545590538531542
0.0006256230408325791
0.0005148209165781736
0.000582401524297893
0.0005567254847846925
0.0005188063951209188
0.0005724902730435133
0.0005097499815747142
0.0005443027475848794
0.0005304491496644914
0.0005146174808032811
0.0005414090701378882
0.0005066777812317014
0.0005337983602657914
0.0005146534531377256
0.0005185417248867452
0.0005234771524555981
0.0005079622496850789
0.0005237403674982488
0.0005066710291430354
0.0005156233673915267
0.0005110341007821262
0.0005062950658611953
0.0005134572857059538
0.000502882176078856
0.0005099895060993731
0.0005055168876424432
0.0005040496471337974
0.0005079947295598686
0.0005016681388951838
0.0005058817332610488
0.0005033912602812052
0.0005018220981582999
0.0005044095451012254
0.0005003574769943953
0.0005022250697948039
0.0005012362962588668
0.0004994294140487909
0.0005011281464248896
0.0004986954154446721
0.000499195302836597
0.0004990759771317244
0.0004975004121661186
0.0004984933184459805
0.0004971915041096509
0.0004969825386069715
0.0004971707821823657
0.0004959353827871382
0.0004963110550306737
0.0004956684424541891
0.0004950734437443316
0.000495244050398469
0.0004943577223457396
0.0004942424711771309
0.0004939873469993472
0.0004932906595058739
0.0004932884476147592
0.000492772669531405
0.000492350198328495
0.0004922423977404833
0.0004916777252219617
0.0004914240562357008
0.0004911706200800836
0.0004906650865450501
0.0004904610104858875
0.0004901057691313326
0.0004896798054687679
0.0004894578596577048
0.0004890589625574648
0.0004886952810920775
0.0004884371883235872
0.00048803433310240507
0.000487707817228511
0.00048741884529590607
0.0004870289994869381
0.00048671982949599624
0.00048640844761393964
0.0004860354820266366
0.00048572951345704496
0.0004854052676819265
0.00048504554433748126
0.000484737305669114
0.0004844069480895996
0.0004840574401896447
0.0004837447195313871
0.00048341299407184124
0.00048306959797628224
0.0004827537341043353
0.0004824231145903468
0.0004820845206268132
0.00048176650307141244
0.00048143829917535186
0.000481103197671473
0.0004807834920939058
0.00048045735456980765
0.0004801250179298222
0.0004798041481990367
0.0004794804553966969
0.00047915082541294396
0.0004788289370480925
0.0004785075143445283
0.0004781812021974474
0.0004778586735483259
0.0004775393463205546
0.0004772156535182148
0.00047689417260698974
0.0004765762132592499
0.0004762555181514472
0.0004759355215355754
0.00047561858082190156
0.00047530123265460134
0.0004749830113723874
0.00047466749674640596
0.00047435268061235547
0.000474037165986374
0.00047372293192893267
0.00047341067693196237
0.0004730980726890266
0.0004727858176920563
0.0004724753671325743
0.00047216590610332787
0.00047185696894302964
0.0004715485265478492
0.00047124209231697023
0.000470935512566939
0.00047063000965863466
0.0004703257873188704
0.00047002313658595085
0.00046972063137218356
0.00046941934851929545
0.00046911928802728653
0.0004688203916884959
0.00046852187369950116
0.00046822495642118156
0.00046792958164587617
0.00046763475984334946
0.0004673416551668197
0.0004670489579439163
0.000466758239781484
0.0004664680454879999
0.00046617985935881734
0.000465892197098583
0.0004656063101720065
0.0004653218202292919
0.0004650379123631865
0.0004647557798307389
0.00046447530621662736
0.0004641957930289209
0.00046391758951358497
0.00046364101581275463
0.00046336595551110804
0.00046309211757034063
0.0004628196475096047
0.00046254880726337433
0.0004622793640010059
0.0004620112886186689
0.0004617449885699898
0.0004614803765434772
0.0004612172197084874
0.00046095531433820724
0.00046069527161307633
0.0004604363057296723
0.0004601792898029089
0.0004599240783136338
0.0004596705548465252
0.0004594186320900917
0.0004591678152792156
0.0004589191812556237
0.0004586720315273851
0.0004584269190672785
0.0004581829416565597
0.0004579407104756683
0.00045770115684717894
0.0004574625054374337
0.00045722562936134636
0.00045699108159169555
0.0004567576397676021
0.0004565263516269624
0.00045629669330082834
0.00045606892672367394
0.00045584316831082106
0.0004556189232971519
0.0004553967446554452
0.0004551764577627182
0.00045495794620364904
0.000454741035355255
0.00045452656922861934
0.0004543134418781847
0.00045410232269205153
0.0004538928042165935
0.0004536857013590634
0.0004534801992122084
0.00045327667612582445
0.0004530749865807593
0.0004528751887846738
0.00045267734094522893
0.00045248158858157694
0.0004522877570707351
0.0004520954971667379
0.0004519058275036514
0.0004517172637861222
0.0004515309992711991
0.0004513465682975948
0.00045116388355381787
0.0004509834398049861
0.0004508047422859818
0.0004506282275542617
0.00045045348815619946
0.0004502807860262692
0.0004501100047491491
0.0004499406786635518
0.0004497737099882215
0.0004496086039580405
0.0004494450113270432
0.0004492835723794997
0.00044912457815371454
0.0004489665443543345
0.00044881098438054323
0.0004486572870519012
0.0004485056269913912
0.0004483552766032517
0.0004482069634832442
0.0004480609204620123
0.00044791644904762506
0.00044777404400520027
0.0004476336180232465
0.0004474955494515598
0.0004473603330552578
0.0004472293658182025
0.0004471053252927959
0.0004469954001251608
0.0004469162377063185
0.000446909514721483
0.00044707703636959195
0.0004476745962165296
0.0004493546730373055
0.0004537758359219879
0.00046533948625437915
0.0004951066221110523
0.0005730009288527071
0.0007644380675628781
0.0012202027719467878
0.001971533754840493
0.0026499582454562187
0.0016871109837666154
0.0004961586673744023
0.0011297345627099276
0.0012585964286699891
0.0005226204521022737
0.001045539858750999
0.0008002053364180028
0.0006307472940534353
0.0009438724373467267
0.0005274559371173382
0.0008029870223253965
0.0006520914612337947
0.0005621319287456572
0.0007420857436954975
0.0004806465585716069
0.0006361146224662662
0.000579690735321492
0.00047711521619930863
0.0006242702365852892
0.000487809389596805
0.0005171537050046027
0.000576480757445097
0.00046455927076749504
0.0005394251202233136
0.000528125383425504
0.0004674364463426173
0.000535645114723593
0.0004886232200078666
0.00047694440581835806
0.0005152266821824014
0.0004647650057449937
0.0004866462550126016
0.0004883225192315876
0.0004602409026119858
0.0004882881767116487
0.0004662896681111306
0.000468690152047202
0.00047831679694354534
0.0004592946788761765
0.0004752892127726227
0.00046516844304278493
0.00046418889542110264
0.0004712460213340819
0.00045930896885693073
0.00046794989611953497
0.0004626045119948685
0.0004603504203259945
0.0004653153591789305
0.0004577610525302589
0.0004619831743184477
0.0004604742571245879
0.00045734283048659563
0.0004613447526935488
0.0004572753678075969
0.0004581588145811111
0.00045927418977953494
0.00045610120287165046
0.0004582986293826252
0.0004571872123051435
0.0004559139197226614
0.0004575513012241572
0.0004556786734610796
0.00045580838923342526
0.00045631660032086074
0.00045473515638150275
0.0004554326878860593
0.0004550674930214882
0.00045418611261993647
0.0004548383876681328
0.0004540896334219724
0.00045382746611721814
0.0004541474918369204
0.000453393702628091
0.00045346684055402875
0.0004534382023848593
0.00045286439126357436
0.00045302213402464986
0.0004527696582954377
0.0004524062678683549
0.0004525106924120337
0.0004521713708527386
0.0004519647336564958
0.0004519752983469516
0.00045164028415456414
0.00045152223901823163
0.000451454718131572
0.000451164145488292
0.00045108425547368824
0.00045096795656718314
0.00045072639477439225
0.0004506531113293022
0.0004505115211941302
0.00045030852197669446
0.00045022848644293845
0.0004500765062402934
0.00044990016613155603
0.0004498104390222579
0.00044965927372686565
0.00044950246228836477
0.0004494057211559266
0.0004492594744078815
0.00044911663280799985
0.0004490149731282145
0.00044887655531056225
0.00044874323066323996
0.0004486392135731876
0.00044850833364762366
0.00044838222675025463
0.0004482779186218977
0.00044815376168116927
0.00044803324271924794
0.00044792884727939963
0.00044781091855838895
0.0004476949106901884
0.0004475917376112193
0.0004474797460716218
0.00044736816198565066
0.00044726667692884803
0.0004471603315323591
0.00044705308391712606
0.00044695381075143814
0.00044685235479846597
0.0004467492690309882
0.00044665258610621095
0.00044655517558567226
0.0004464562807697803
0.0004463624209165573
0.00044626908493228257
0.00044617464300245047
0.0004460828786250204
0.0004459936171770096
0.0004459026094991714
0.00044581436668522656
0.0004457281611394137
0.00044564128620550036
0.0004455559828784317
0.0004454727459233254
0.0004453902365639806
0.0004453079600352794
0.00044522760435938835
0.0004451484710443765
0.00044506933772936463
0.00044499209616333246
0.0004449159314390272
0.00044484040699899197
0.00044476607581600547
0.0004446929378900677
0.00044462046935223043
0.00044454936869442463
0.0004444790247362107
0.00044441016507335007
0.00044434104347601533
0.0004442733770702034
0.0004442074859980494
0.0004441415658220649
0.0004440767806954682
0.00044401315972208977
0.00044395093573257327
0.0004438886826392263
0.0004438276228029281
0.00044376723235473037
0.0004437078023329377
0.00044364939094521105
0.00044359202729538083
0.0004435352748259902
0.0004434794536791742
0.00044342453475110233
0.0004433699941728264
0.0004433166759554297
0.00044326361967250705
0.00044321190216578543
0.00044316070852801204
0.0004431100969668478
0.0004430606495589018
0.0004430116096045822
0.0004429635882843286
0.00044291611993685365
0.00044286958291195333
0.00044282348244450986
0.000442778313299641
0.00044273355160839856
0.00044268922647461295
0.0004426458617672324
0.00044260345748625696
0.0004425615188665688
0.0004425198130775243
0.0004424794460646808
0.0004424392827786505
0.00044239984708838165
0.000442360935267061
0.0004423226055223495
0.00044228535261936486
0.0004422480706125498
0.0004422116617206484
0.0004421756893862039
0.0004421402409207076
0.0004421054036356509
0.00044207103201188147
0.00044203721336089075
0.000442004093201831
0.0004419712640810758
0.00044193919165991247
0.00044190746848471463
0.00044187638559378684
0.0004418457974679768
0.0004418153839651495
0.00044178563985042274
0.00044175624498166144
0.00044172737398184836
0.0004416992887854576
0.00044167120358906686
0.00044164384598843753
0.0004416162264533341
0.00044158982927910984
0.00044156357762403786
0.0004415377043187618
0.0004415126168169081
0.0004414873546920717
0.000441462587332353
0.00044143846025690436
0.0004414146242197603
0.0004413912247400731
0.00044136797077953815
0.0004413451242726296
0.00044132251059636474
0.00044130082824267447
0.00044127891305834055
0.00044125752174295485
0.0004412364214658737
0.00044121581595391035
0.00044119494850747287
0.0004411752161104232
0.0004411551635712385
0.00044113569310866296
0.0004411164845805615
0.000441097654402256
0.0004410789115354419
0.00044106063432991505
0.00044104247353971004
0.0004410246037878096
0.0004410072579048574
0.0004409896209836006
0.00044097291538491845
0.0004409558605402708
0.00044093956239521503
0.00044092326425015926
0.00044090725714340806
0.0004408916865941137
0.00044087585411034524
0.00044086025445722044
0.0004408454115036875
0.0004408304812386632
0.00044081578380428255
0.0004408011445775628
0.00044078720384277403
0.0004407728847581893
0.000440758973127231
0.0004407452652230859
0.0004407317319419235
0.00044071846059523523
0.0004407054802868515
0.0004406922380439937
0.0004406795487739146
0.0004406672378536314
0.0004406549269333482
0.00044064223766326904
0.00044063053792342544
0.00044061828521080315
0.0004406066727824509
0.0004405950603540987
0.000440583738964051
0.00044057221384719014
0.00044056071783415973
0.0004405499203130603
0.0004405392101034522
0.00044052849989384413
0.0004405179060995579
0.00044050722499378026
0.00044049721327610314
0.00044048705603927374
0.00044047660776413977
0.00044046645052731037
0.00044045684626325965
0.00044044715468771756
0.00044043746311217546
0.0004404280334711075
0.0004404187493491918
0.00044040929060429335
0.0004404002975206822
0.0004403909551911056
0.00044038245687261224
0.00044037323095835745
0.000440364790847525
0.0004403560305945575
0.00044034692109562457
0.0004403386847116053
0.00044033059384673834
0.00044032218283973634
0.00044031409197486937
0.00044030571007169783
0.00044029788114130497
0.00044028961565345526
0.00044028222328051925
0.00044027421972714365
0.0004402662452775985
0.0004402587946970016
0.0004402513732202351
0.00044024380622431636
0.00044023615191690624
0.0004402289050631225
0.00044022154179401696
0.00044021441135555506
0.00044020716450177133
0.00044020003406330943
0.0004401928454171866
0.0004401860642246902
0.0004401793412398547
0.0004401719488669187
0.00044016557512804866
0.0004401586193125695
0.00044015198363922536
0.00044014546438120306
0.00044013879960402846
0.00044013254228048027
0.00044012555736117065
0.00044011970749124885
0.0004401130136102438
0.00044010666897520423
0.0004401004989631474
0.00044009441626258194
0.00044008821714669466
0.00044008184340782464
0.0004400757607072592
0.00044006999814882874
0.00044006388634443283
0.000440057716332376
0.0004400522157084197
0.00044004590017721057
0.00044004060328006744
0.00044003434595651925
0.00044002840877510607
0.0004400226753205061
0.00044001732021570206
0.0004400114994496107
0.00044000588241033256
0.0004400006728246808
0.0004399947647470981
0.0004399891186039895
0.00043998355977237225
0.0004399782919790596
0.0004399727622512728
0.00043996729073114693
0.00043996202293783426
0.0004399566678330302
0.0004399513127282262
0.0004399461904540658
0.00043994083534926176
0.0004399358876980841
0.0004399305034894496
0.0004399251192808151
0.0004399202298372984
0.00043991502025164664
0.0004399103345349431
0.00043990492122247815
0.0004399000317789614
0.00043989496771246195
0.0004398896999191493
0.0004398851015139371
0.0004398798628244549
0.0004398751480039209
0.00043987008393742144
0.0004398650780785829
0.00043986018863506615
0.0004398553282953799
0.00043985064257867634
0.00043984592775814235
0.0004398407763801515
0.0004398362070787698
0.00043983172508887947
0.0004398263699840754
0.0004398216842673719
0.0004398171149659902
0.0004398124001454562
0.0004398080345708877
0.00043980314512737095
0.0004397988086566329
0.0004397941520437598
0.00043978943722322583
0.00043978504254482687
0.0004397801239974797
0.00043977564200758934
0.000439771160017699
0.0004397665907163173
0.00043976178858429193
0.000439757714048028
0.0004397528828121722
0.0004397485754452646
0.00043974429718218744
0.00043973998981527984
0.0004397353040985763
0.0004397308803163469
0.0004397266311571002
0.0004397221200633794
0.00043971784180030227
0.0004397135053295642
0.00043970864498987794
0.0004397046286612749
0.0004397002048790455
0.00043969607213512063
0.0004396917065605521
0.0004396873991936445
0.0004396829754114151
0.00043967895908281207
0.0004396744188852608
0.0004396702570375055
0.00043966592056676745
0.00043966161319985986
0.0004396575386635959
0.0004396535223349929
0.00043964904034510255
0.0004396448202896863
0.0004396406002342701
0.00043963611824437976
0.00043963216012343764
0.0004396280855871737
0.00043962389463558793
0.0004396197327878326
0.0004396157746668905
0.000439611729234457
0.00043960733455605805
0.00043960323091596365
0.00043959933100268245
0.0004395951400510967
0.00043959077447652817
0.0004395870491862297
0.00043958297464996576
0.00043957875459454954
0.00043957465095445514
0.0004395707219373435
0.00043956656008958817
0.00043956234003417194
0.0004395586729515344
0.00043955445289611816
0.00043955043656751513
0.0004395463620312512
0.0004395423748064786
0.00043953844578936696
0.00043953422573395073
0.0004395305586513132
0.0004395265714265406
0.00043952243868261576
0.000439518567873165
0.00043951443512924016
0.00043951053521595895
0.0004395066644065082
0.00043950273538939655
0.00043949877726845443
0.0004394948482513428
0.00043949097744189203
0.00043948733946308494
0.0004394831776153296
0.0004394794814288616
0.00043947514495812356
0.0004394717689137906
0.00043946760706603527
0.00043946353252977133
0.0004394595744088292
0.0004394558200147003
0.00043945194920524955
0.000439448282122612
0.00043944455683231354
0.00043944065691903234
0.00043943634955212474
0.0004394329444039613
0.00043942907359451056
0.0004394252027850598
0.0004394213028717786
0.0004394172574393451
0.00043941388139501214
0.00043940992327407
0.0004394061106722802
0.00043940218165516853
0.00043939880561083555
0.0004393945273477584
0.0004393912968225777
0.0004393867857288569
0.00043938326416537166
0.000439379655290395
0.00043937607551924884
0.0004393720591906458
0.00043936818838119507
0.0004393647541292012
0.00043936067959293723
0.00043935704161413014
0.00043935334542766213
0.0004393494746182114
0.0004393457493279129
0.00043934216955676675
0.0004393382405396551
0.00043933468987233937
0.00043933119741268456
0.0004393272683955729
0.0004393237177282572
0.000439319817814976
0.00043931615073233843
0.00043931271648034453
0.0004393089038785547
0.0004393052658997476
0.00043930168612860143
0.0004392979317344725
0.00043929446837864816
0.00043929030653089285
0.0004392869013827294
0.0004392834671307355
0.00043927962542511523
0.0004392760165501386
0.00043927261140197515
0.0004392685950733721
0.0004392651899252087
0.00043926137732341886
0.00043925794307142496
0.0004392536939121783
0.0004392501141410321
0.00043924717465415597
0.0004392428381834179
0.0004392396076582372
0.0004392361151985824
0.0004392327682580799
0.00043922889744862914
0.00043922552140429616
0.0004392215923871845
0.00043921827455051243
0.0004392145201563835
0.0004392111150082201
0.0004392075352370739
0.0004392036353237927
0.00043920043390244246
0.00043919667950831354
0.00043919289601035416
0.0004391896945890039
0.0004391863476485014
0.000439182564150542
0.00043917898437939584
0.0004391755210235715
0.0004391718248371035
0.0004391683905851096
0.0004391648108139634
0.00043916123104281723
0.00043915779679082334
0.0004391542752273381
0.0004391506954561919
0.00043914749403484166
0.000439143885159865
0.0004391402762848884
0.0004391369584482163
0.00043913337867707014
0.00043913000263273716
0.0004391262773424387
0.0004391225811559707
0.0004391192924231291
0.000439115974586457
0.0004391123366076499
0.0004391091933939606
0.0004391054098960012
0.0004391020047478378
0.0004390984831843525
0.00043909522355534136
0.000439091760199517
0.0004390880058053881
0.000439084687968716
0.00043908090447075665
0.0004390777612570673
0.00043907429790124297
0.00043907060171477497
0.00043906757491640747
0.0004390637041069567
0.00043906058999709785
0.00043905730126425624
0.0004390534886624664
0.0004390503163449466
0.0004390466201584786
0.0004390437970869243
0.0004390401009004563
0.0004390368703752756
0.00043903314508497715
0.0004390297981444746
0.0004390265967231244
0.00043902304605580866
0.0004390197864267975
0.0004390161775518209
0.000439013063441962
0.0004390095709823072
0.0004390059330035001
0.0004390028479974717
0.0004389995301607996
0.0004389957757666707
0.0004389926907606423
0.00043898943113163114
0.0004389857640489936
0.0004389826790429652
0.00043897933210246265
0.00043897569412365556
0.00043897260911762714
0.00043896932038478553
0.00043896579882130027
0.0004389628302305937
0.00043895922135561705
0.0004389558162074536
0.00043895249837078154
0.0004389490932226181
0.0004389460082165897
0.0004389427194837481
0.00043893951806239784
0.00043893599649891257
0.0004389326786622405
0.00043892921530641615
0.000438925955677405
0.00043892269604839385
0.00043891905806958675
0.00043891588575206697
0.0004389129171613604
0.00043890951201319695
0.00043890680535696447
0.00043890249799005687
0.0004388996458146721
0.00043889618245884776
0.0004388930683489889
0.00043888995423913
0.0004388865490909666
0.00043888334766961634
0.0004388800298329443
0.0004388767119962722
0.00043887330684810877
0.00043887036736123264
0.0004388669622130692
0.0004388634115457535
0.0004388605884741992
0.00043885709601454437
0.00043885401100851595
0.0004388506058603525
0.0004388474044390023
0.0004388442903291434
0.0004388407978694886
0.0004388375673443079
0.00043883471516892314
0.0004388311936054379
0.000438828079495579
0.00043882481986656785
0.0004388216766528785
0.0004388181841932237
0.00043881492456421256
0.00043881198507733643
0.0004388085217215121
0.0004388052620925009
0.000438802526332438
0.00043879926670342684
0.0004387957160361111
0.00043879309669137
0.0004387894587125629
0.0004387861699797213
0.00043878270662389696
0.00043877973803319037
0.00043877671123482287
0.00043877368443645537
0.0004387706285342574
0.000438767223386094
0.0004387641965877265
0.0004387608205433935
0.0004387575900182128
0.0004387545050121844
0.00043875156552530825
0.00043874818948097527
0.00043874530820176005
0.00043874196126125753
0.0004387387016322464
0.0004387355875223875
0.00043873279355466366
0.0004387294757179916
0.0004387260996736586
0.0004387229564599693
0.00043872016249224544
0.0004387166991364211
0.0004387137887533754
0.00043871052912436426
0.0004387074150145054
0.0004387042426969856
0.000438700953964144
0.00043869795626960695
0.0004386948421597481
0.00043869184446521103
0.00043868846842087805
0.0004386857326608151
0.0004386823275126517
0.0004386794753372669
0.0004386760701891035
0.0004386734217405319
0.00043867016211152077
0.0004386669606901705
0.0004386639629956335
0.00043866076157428324
0.0004386577056720853
0.00043865464976988733
0.00043865168117918074
0.0004386484215501696
0.00043864536564797163
0.0004386420187074691
0.000438639079220593
0.00043863613973371685
0.0004386329383123666
0.00043863020255230367
0.0004386271466501057
0.0004386239452287555
0.00043862054008059204
0.0004386176005937159
0.0004386145737953484
0.00043861177982762456
0.0004386085784062743
0.00043860546429641545
0.0004386022628750652
0.0004385995853226632
0.0004385964130051434
0.00043859350262209773
0.0004385904467198998
0.00043858736171387136
0.00043858433491550386
0.0004385812790133059
0.0004385781357996166
0.0004385750216897577
0.0004385719948913902
0.000438569113612175
0.00043856591219082475
0.00043856306001544
0.0004385600332170725
0.0004385568608995527
0.0004385539796203375
0.00043855083640664816
0.00043854789691977203
0.00043854484101757407
0.0004385419888421893
0.0004385387583170086
0.00043853596434928477
0.0004385329666547477
0.00043852985254488885
0.0004385271458886564
0.00043852394446730614
0.0004385211504995823
0.00043851794907823205
0.00043851518421433866
0.0004385120118968189
0.0004385090433061123
0.0004385060747154057
0.00043850307702086866
0.000438500166637823
0.00043849708163179457
0.0004384943749755621
0.00043849111534655094
0.0004384884668979794
0.0004384855565149337
0.0004384826752357185
0.0004384797066450119
0.0004384765343274921
0.0004384740022942424
0.00043847080087289214
0.0004384679486975074
0.00043846468906849623
0.000438461807789281
0.00043845895561389625
0.00043845587060786784
0.00043845304753631353
0.00043845022446475923
0.0004384474304970354
0.00043844437459483743
0.0004384413477964699
0.00043843858293257654
0.0004384353815112263
0.0004384327621664852
0.0004384297935757786
0.0004384267085697502
0.00043842397280968726
0.00043842120794579387
0.00043841791921295226
0.0004384152125567198
0.0004384121566545218
0.0004384093335829675
0.00043840648140758276
0.0004384034255053848
0.0004384006024338305
0.0004383977793622762
0.0004383949562907219
0.00043839190038852394
0.0004383889609016478
0.00043838616693392396
0.00043838328565470874
0.00043838072451762855
0.00043837763951160014
0.0004383748455438763
0.00043837178964167833
0.0004383689374662936
0.0004383658815640956
0.0004383631458040327
0.0004383604391478002
0.0004383574996609241
0.0004383547930046916
0.0004383517662063241
0.0004383489431347698
0.0004383459745440632
0.0004383432096801698
0.0004383401828818023
0.00043833762174472213
0.00043833471136167645
0.0004383317718748003
0.0004383290943223983
0.00043832630035467446
0.0004383230989333242
0.00043832039227709174
0.00043831748189404607
0.00043831445509567857
0.00043831163202412426
0.0004383089253678918
0.00043830604408867657
0.000438303395640105
0.0004383007762953639
0.0004382976330816746
0.0004382950428407639
0.0004382918996270746
0.00043828925117850304
0.0004382865154184401
0.000438283575931564
0.0004382809274829924
0.0004382782499305904
0.0004382753395475447
0.00043827248737215996
0.0004382694896776229
0.00043826669570989907
0.00043826401815749705
0.00043826113687828183
0.00043825828470289707
0.00043825566535815597
0.0004382526967674494
0.00043825022294186056
0.0004382471670396626
0.0004382444603834301
0.00043824189924634993
0.00043823907617479563
0.00043823636951856315
0.0004382333718240261
0.0004382304905448109
0.00043822801671922207
0.0004382251645438373
0.0004382223996799439
0.00043821943108923733
0.0004382168117444962
0.00043821384315378964
0.0004382111947052181
0.0004382088372949511
0.0004382056067697704
0.00043820287100970745
0.00043820030987262726
0.00043819737038575113
0.00043819451821036637
0.00043819189886562526
0.00043818913400173187
0.0004381867474876344
0.000438183662481606
0.00043818066478706896
0.00043817824916914105
0.00043817528057843447
0.0004381726321298629
0.0004381698672659695
0.00043816721881739795
0.0004381645121611655
0.00043816168908961117
0.0004381591861601919
0.0004381562175694853
0.00043815368553623557
0.00043815086246468127
0.00043814833043143153
0.0004381451290100813
0.00043814320815727115
0.0004381398030091077
0.00043813741649501026
0.00043813433148898184
0.0004381319449748844
0.0004381289181765169
0.0004381264152470976
0.0004381239414215088
0.00043812106014229357
0.0004381183534860611
0.00043811555951833725
0.0004381130274850875
0.0004381104081403464
0.0004381076723802835
0.00043810493662022054
0.0004381024627946317
0.0004380994359962642
0.0004380969039630145
0.0004380942555144429
0.0004380913160275668
0.0004380888130981475
0.0004380863974802196
0.00043808354530483484
0.00043808063492178917
0.0004380781902000308
0.0004380753671284765
0.00043807298061437905
0.00043807036126963794
0.0004380674217827618
0.0004380648897495121
0.00043806195026263595
0.0004380596219561994
0.00043805656605400145
0.0004380543250590563
0.0004380514728836715
0.0004380486498121172
0.00043804646702483296
0.0004380434693302959
0.00043804076267406344
0.0004380385216791183
0.0004380356112960726
0.0004380331083666533
0.00043803025619126856
0.0004380278114695102
0.0004380250466056168
0.00043802260188385844
0.00043801963329315186
0.0004380171012599021
0.00043801439460366964
0.00043801189167425036
0.00043800915591418743
0.0004380065656732768
0.00043800403364002705
0.000438001356087625
0.00043799870763905346
0.00043799614650197327
0.00043799367267638445
0.00043799079139716923
0.00043798828846774995
0.0004379857564345002
0.000437982875155285
0.00043798054684884846
0.0004379776364658028
0.00043797524995170534
0.00043797268881462514
0.0004379698948469013
0.0004379674210213125
0.00043796509271487594
0.000437962356954813
0.00043795924284495413
0.0004379571182653308
0.0004379544116090983
0.00043795176316052675
0.0004379491729196161
0.00043794684461317956
0.00043794410885311663
0.0004379414895083755
0.00043793884105980396
0.0004379362508188933
0.00043793386430479586
0.00043793118675239384
0.0004379285091999918
0.00043792606447823346
0.00043792344513349235
0.0004379210586193949
0.0004379183519631624
0.00043791584903374314
0.00043791302596218884
0.0004379106976557523
0.0004379079909995198
0.00043790542986243963
0.0004379029560368508
0.000437900482211262
0.00043789763003587723
0.00043789544724859297
0.0004378928570076823
0.00043788980110548437
0.0004378876183182001
0.00043788502807728946
0.0004378823796287179
0.00043787996401079
0.0004378772573545575
0.0004378751036711037
0.00043787230970337987
0.000437870214227587
0.00043786733294837177
0.0004378648300189525
0.00043786244350485504
0.0004378599696792662
0.00043785717571154237
0.00043785490561276674
0.00043785214074887335
0.0004378498997539282
0.00043784716399386525
0.0004378445737529546
0.0004378420999273658
0.0004378392768558115
0.00043783674482256174
0.00043783453293144703
0.0004378317971713841
0.0004378293815534562
0.000437826820416376
0.00043782455031760037
0.00043782193097285926
0.00043781936983577907
0.0004378169251140207
0.00043781433487311006
0.0004378118901513517
0.0004378096491564065
0.00043780708801932633
0.00043780443957075477
0.00043780222767964005
0.00043779940460808575
0.0004377969598863274
0.00043779428233392537
0.0004377920995466411
0.0004377896839287132
0.00043778683175332844
0.0004377843579277396
0.00043778226245194674
0.0004377795848995447
0.00043777714017778635
0.00043777466635219753
0.00043777216342277825
0.0004377696313895285
0.0004377670993562788
0.00043776468373835087
0.00043776215170510113
0.00043775953236036
0.00043775749509222806
0.0004377551085781306
0.00043775237281806767
0.00043774954974651337
0.00043774759978987277
0.00043774506775662303
0.0004377422446850687
0.0004377399745862931
0.000437737675383687
0.00043773508514277637
0.0004377327277325094
0.00043773045763373375
0.00043772789649665356
0.000437725248048082
0.00043772277422249317
0.00043772050412371755
0.000437718175817281
0.0004377154109533876
0.0004377128789201379
0.00043771087075583637
0.0004377083678264171
0.0004377060104161501
0.0004377033328637481
0.000437701033661142
0.0004376986180432141
0.00043769634794443846
0.00043769367039203644
0.0004376911383587867
0.00043768895557150245
0.0004376865108497441
0.0004376840079203248
0.000437681534094736
0.00043767920578829944
0.00043767684837803245
0.00043767443276010454
0.00043767172610387206
0.0004376696306280792
0.00043766721501015127
0.00043766479939222336
0.0004376622673589736
0.00043765996815636754
0.0004376575816422701
0.00043765531154349446
0.00043765263399109244
0.0004376503929961473
0.000437648210208863
0.0004376453289296478
0.00043764314614236355
0.00043764073052443564
0.00043763816938735545
0.0004376361321192235
0.0004376335709821433
0.0004376312717795372
0.00043762868153862655
0.00043762667337432504
0.0004376241413410753
0.00043762160930782557
0.00043761945562437177
0.00043761712731793523
0.00043761456618085504
0.0004376122378744185
0.00043760996777564287
0.00043760743574239314
0.0004376047872938216
0.0004376026918180287
0.00043760042171925306
0.0004375977150630206
0.0004375952703412622
0.00043759308755397797
0.0004375909920781851
0.0004375882854219526
0.00043758624815382063
0.0004375838325358927
0.00043758138781413436
0.0004375791468191892
0.0004375764401629567
0.0004375743155833334
0.00043757219100371003
0.0004375693970359862
0.00043756759259849787
0.00043756476952694356
0.00043756235390901566
0.00043756014201790094
0.0004375576972961426
0.0004375557182356715
0.00043755295337177813
0.0004375507414806634
0.0004375482094474137
0.0004375459684524685
0.00043754384387284517
0.0004375412536319345
0.0004375390999484807
0.000437536888057366
0.0004375343269202858
0.00043753223144449294
0.0004375297576189041
0.00043752757483161986
0.00043752501369453967
0.00043752265628427267
0.0004375204734969884
0.0004375183489173651
0.00043751593329943717
0.0004375135467853397
0.0004375109856482595
0.00043750889017246664
0.0004375064163468778
0.00043750437907874584
0.0004375021089799702
0.0004374997515697032
0.0004374972195364535
0.0004374952695798129
0.00043749267933890224
0.0004374902055133134
0.0004374882555566728
0.00043748607276938856
0.00043748345342464745
0.0004374812706373632
0.00043747882591560483
0.00043747667223215103
0.0004374744021333754
0.0004374720447231084
0.0004374696291051805
0.0004374674754217267
0.0004374649142846465
0.00043746299343183637
0.00043746057781390846
0.0004374582495074719
0.0004374561249278486
0.0004374537675175816
0.00043745170114561915
0.00043744914000853896
0.00043744692811742425
0.00043744474533014
0.00043744241702370346
0.00043743985588662326
0.00043743744026869535
0.00043743554851971567
0.00043743322021327913
0.00043743112473748624
0.00043742870911955833
0.0004374262935016304
0.0004374243726488203
0.0004374219279270619
0.000437419512309134
0.00043741732952184975
0.00043741503031924367
0.0004374126729089767
0.00043741066474467516
0.0004374083364382386
0.0004374062700662762
0.000437403708929196
0.00043740158434957266
0.00043739957618527114
0.00043739681132137775
0.00043739459943026304
0.00043739244574680924
0.00043739040847867727
0.00043738819658756256
0.0004373856645543128
0.0004373835981823504
0.00043738167732954025
0.00043737911619246006
0.00043737696250900626
0.0004373746633064002
0.0004373723641037941
0.0004373705596663058
0.00043736788211390376
0.0004373658448457718
0.0004373634001240134
0.0004373611300252378
0.0004373589181341231
0.0004373567062430084
0.0004373546689748764
0.0004373524570837617
0.0004373503616079688
0.00043734797509387136
0.00043734582141041756
0.00043734366772696376
0.0004373412230052054
0.0004373390111140907
0.0004373369156382978
0.0004373349074739963
0.000437332404544577
0.00043733004713431
0.0004373281553853303
0.00043732591439038515
0.0004373235860839486
0.0004373214324004948
0.0004373190167825669
0.0004373171250335872
0.0004373147967271507
0.0004373124393168837
0.00043731051846407354
0.0004373080737423152
0.00043730586185120046
0.0004373036208562553
0.0004373014089651406
0.00043729913886636496
0.0004372973053250462
0.00043729518074542284
