0.14755720729717633
0.06476013623321822
0.23284252008546857
-0.16185818741118463
0.21582046335261715
0.038099853459580044
0.2859764944018999
0.02865615422192264
0.33909686156399804
0.21501217860684355
0.025976137845928705
-0.06890494263490907
0.26740163283896706
0.03643887528704344
-0.0031868090996277566
0.07745537177807266
0.17354407789061987
-0.1582941365258478
0.4536979959274335
0.10604811959355162
0.1648322379759311
-0.2324329651227371
0.26956521739130435
-0.03177257525083612
0.32940521587856086
-0.02512405666060391
0.2836120401337793
0.03511705685618729
0.23140019412712784
-0.1487044076477102
0.4454661311370645
0.02135373901437885
0.08542460050893744
-0.1853341145246283
0.29027752788217276
-0.23825302378980162
0.22756734341237672
-0.11454629024046181
0.13846153846153847
-0.09866220735785954
0.09326236460473533
-0.1910121482319071
0.23440585069875358
0.03937731534006715
-0.09096989966555184
0.03511705685618729
0.12169055007047097
0.17810580638735785
0.42409951879684316
0.1452966896358236
0.07862302820045791
-0.0027475591814092454
0.2980587389692749
-0.104619416470699
-0.06755852842809365
0.03511705685618729
0.44232263861963195
0.12024798422504121
0.19157656899597658
0.002646015778821825
0.28458975171022777
0.03258646883775708
0.4477279854864479
0.0892787621992919
0.1773110740832487
-0.10901012430496654
0.23210702341137124
-0.09866220735785954
0.320548883037404
-0.11908125814257525
0.35450040112723896
-0.14779529249292714
0.2149256681923388
0.14316969203207353
0.2565183027333408
0.04229197923828125
0.21470384149199798
0.11313116987103002
0.21522841012806584
0.06161366651845785
0.2421694776081618
-0.1956174699020682
0.31223758429241805
-0.026674821082583143
0.2848687284864988
0.052840071305793365
0.22217345345987158
-0.22447233441175518
0.18704983886764912
-0.1347827698121421
0.07054813347262914
-0.15399151970702796
0.044816053511705686
-0.09866220735785954
-0.0493561558273093
-0.04947627603481637
0.14412186601718094
0.08698276718685113
0.2038052931813607
0.012049983843043045
0.3469970130347314
0.10806948891941501
0.43372073799190936
-0.03900199383459933
0.25089793435009794
-0.11260150205163943
0.177966438050807
0.00868514020939231
0.4333979104449627
0.12064610509713222
0.1674899868173222
0.03435168175675384
0.30198082933239206
-0.09849551943075849
0.11133342755188225
0.04567546392710474
0.42211178663379406
0.10062769208753525
0.22969822440185317
0.2398069603629283
0.2580461372590975
-0.03303448083834047
0.2465458582037612
0.21631609525680107
0.16255309940473217
0.016986522000397387
0.0822742474916388
-0.03177257525083612
0.33410135554118575
-0.11002065586068518
0.3219335971542273
-0.038682370197618915
0.012040133779264214
-0.03177257525083612
0.3510420660777118
0.21255451987514032
0.33550547293553545
0.12027284079979504
0.36708131738258143
0.07737097740383217
0.22499194007681753
-0.03234388359608535
0.22819302628104848
-0.09687985225929635
0.17461442957751014
0.18805106864454652
0.209670313049984
-0.0273551018522359
-0.09565217391304348
-0.09866220735785954
0.2402905548446184
0.04469671450911532
0.38995457591977284
0.01487466767670375
0.24750422455246404
0.1463555698410125
0.37667647238974
-0.052765824838395294
0.42526090261579286
0.13073255216331003
0.33062275981833117
0.21107783517311743
0.34480104009324897
-0.02707510418895737
0.18731837403060586
0.01705192581086338
-0.04015078674692783
-0.0612344642352563
0.13642669409673408
0.059260669002509356
0.20361003524226412
-0.15434122834756758
0.2683572208349356
-0.12965161032946715
0.2938135384446143
-0.02889474050908372
0.0844399929033158
0.09423324729825931
0.41817566336826234
-0.025630763925728807
0.25305034516003083
0.21795755150337953
0.13185847951330276
-0.21854862319423904
0.30612514626352894
-0.009362289665581993
0.31290976740904186
-0.12176186221344037
0.2424565965137933
-0.24694392892283126
0.018101740307671716
-0.05987850243811732
-0.0478461330835514
-0.024523700122182062
0.04565179929207011
-0.0627447343471139
0.269829340219846
-0.05649640393535915
0.17239748213285425
-0.25845034182553056
0.4475492318280153
0.036636987119205225
0.1431072838001256
-0.25070153726955613
0.31757094585358964
-0.15492419358908405
0.454149421766202
-0.08757529744554352
0.32422909487087054
-0.015648940693365615
0.07504203551071029
-0.16012100825141892
0.24372610580105625
0.11404048795605691
0.25749789977255105
-0.077173749286146
0.0236863986769768
0.02685113668565992
0.30734036538208426
-0.04241770575590758
0.37433214099312906
-0.014361223658457621
0.2595378444895573
-0.03666598653447803
0.4322448684720986
0.12875505276322083
-0.034669143275434355
-0.08076462205567786
0.08562986486483788
-0.038240019895753846
0.24739870970736855
0.16200090088929167
0.36873384374796964
0.13848846589173935
0.3549919835298253
-0.17596541760872833
0.23378259238642854
0.10627105572569054
0.2768535100716149
0.04299027209924738
0.1353451452164895
-0.13308037517701354
0.08082297431121585
0.05872264533269817
0.11662681986585596
0.03035548007992461
0.3688658933779821
-0.043755861202531804
-0.08160535117056857
-0.03177257525083612
0.263396140360026
0.0989356894936219
0.18802950374342278
-0.04099036171241671
0.3399871507577404
0.0415003565668817
0.029524332507968785
-0.14598021535438024
-0.05041710124294184
-0.09767338647859544
0.02608695652173913
0.03511705685618729
0.20401551578924462
0.18307650178887405
-0.011800598241311959
-0.2571284170818535
0.3259991360545208
0.22264915258265294
0.31952162513186216
0.04869483597218879
0.320701880771365
0.20728368935048647
0.24484194112345486
0.030491701244617583
0.2445646321754262
-0.1016152958647875
0.07538670493711827
0.08872470437479506
-0.051198859548669554
-0.11048818243486769
0.13888958665617426
0.008120814376785114
0.13067612405501952
-0.07445828140218788
0.06460496943945301
-0.042198425265191276
0.21461477354967776
-0.04596657968881983
0.26107756584117825
-0.09025472023890788
0.14026525613359875
-0.11230628400370082
0.10568561872909699
-0.03177257525083612
0.21465233519259425
0.028345276924752777
0.23488963926359094
-0.031160932544321437
-0.10095065529418336
0.005737511881795599
0.2677279364649965
-0.22034642640941643
0.4599475192394436
-0.0825682753584866
0.25587727356108697
-0.06439302812395212
0.09751769151761408
-0.015713550738158034
0.2585084248937355
-0.13971460180030354
0.4055446410892137
0.013996563400127306
0.1330419457689564
-0.1405601798603083
0.3284612042905725
0.2043060364126087
0.05467876859316655
-0.06986955474900128
0.35888383284411324
0.006643378436835365
0.11364594376107279
0.026525255849382656
0.4425661569837864
-0.0010990327151848
0.3141568532325948
-0.12910908125837214
0.11886393538405046
-0.19306489893828166
0.30422251823732677
0.1742346020775655
0.22508496192181418
-0.09682128368908308
0.2923361639007949
0.10324590974860746
0.40539657619007613
0.13696225403241774
0.3507591161867998
-0.028887024997609895
0.14375640410483712
-0.021467047676464283
0.30018139244208314
0.01649718758752844
0.1431438127090301
0.03511705685618729
0.27353067586905677
0.03355938375203744
0.27531410658092076
-0.23117029190962712
-0.008563641874986816
0.056314356605221216
0.31538504623747343
0.010074527736340894
0.21651569051901245
-0.03286346321353175
0.049498327759197325
0.03511705685618729
0.17591973244147158
-0.03177257525083612
-0.07241230182515203
-0.02117881976815666
0.28398844654076827
0.06567120044357388
0.23471166074623295
0.0658797810159462
0.3150015912121189
0.002443124983509272
0.22274247491638796
-0.03177257525083612
0.1613143487794126
-0.058357954152988514
0.20044043593023467
-0.1689504983280281
0.13947482199284514
-0.15874059567303755
-0.02237234891462247
-0.031369006555904654
0.12307591288426818
-0.09249392533851125
0.34155641406678305
-0.012451025309439735
0.11259149013460525
-0.27096282870315413
0.28199437907751
-0.044368517185886795
0.17193540122666676
-0.11487723018521723
0.34279547334965227
-0.08510252739213522
0.3402478058639017
-0.04237881320427103
0.2922274857329631
-0.031317321421350054
-0.013882985605652617
-0.034229892047369495
0.4498015783472502
-0.11303373674752695
0.21641535604429785
0.1325528406426361
0.4299170542874642
-0.1003345357404829
0.31024912567255286
0.01335442041093687
0.2246887326960637
-0.027683401239676927
0.3190149188364718
-0.1912713027543743
0.19572531658221193
-0.09185163242094703
0.09858704395277618
-0.11474767560193304
0.02308357072558646
-0.15130508620481184
0.2890056577548944
-0.034930804811379106
0.3879075652456841
-0.03597221907025917
0.31402335990992125
-0.0063769870570951695
0.35211471945028794
0.12185378303632426
0.07469574619846225
0.011851788764012362
0.12082968786566364
-0.055143525721224135
0.2970415752635807
-0.035707168293142924
0.03545150501672241
-0.03177257525083612
0.12792352236151297
-0.01044150684892015
0.3206598112144196
0.1792679463965871
0.3689879263704033
-0.1964419624912804
0.296969328993869
0.1945589095599885
0.3336380828436684
-0.08971326801829643
0.39697030255656124
-0.016032534572532585
0.31417895974165033
0.004638969886991244
0.33630469610235647
0.06253871818900407
0.2419439310081115
-0.2587728637751634
0.27740558568891427
-0.042409851363929024
0.16187290969899665
-0.09866220735785954
0.22691959284909266
0.08436530673759154
0.31380323147398037
-0.10877322412149523
0.04372109206020745
-0.12825495125620634
0.4415977981034639
0.054190415989528035
0.3283248546588731
-0.059884973754043475
0.2745598762271912
0.2402305716560921
0.13389812641584684
-0.2305272555411637
0.20080317898096162
-0.20310509639665103
0.12964670161254574
-0.08245260934947662
0.22536365460164753
0.14487845617696646
0.33897641528993416
-0.13073260669902717
-0.002006688963210702
-0.09866220735785954
0.25424546497697076
-0.17760591038969245
0.28582900432847874
-0.02804765530098896
0.15614729388733983
-0.08227365358530585
0.29435596927137875
-0.02195278269160985
0.1091318473061271
-0.11435454488931023
0.28003341337522214
-0.24064124146995464
0.1292224810348081
0.05924379129325601
0.06822742474916388
-0.09866220735785954
0.3829197807941155
0.042096739651038835
0.21978152193871986
0.15994778344166385
-0.1283635406807203
-0.07447735150434191
0.20446007397845387
-0.08720108371167508
0.12771022933069415
0.18079623295098785
0.3721503129674816
-0.040456246944171055
0.20245951897600406
0.01930635544411737
0.29024080105048006
0.0957462939922731
-0.028887200314477526
0.07432935374958466
0.16599741387916114
0.08860494160920343
-0.06273258491646104
-0.10848798013160588
0.2017954751399685
-0.019957133200412525
0.106084433933172
-0.1587559121124809
0.38159153419709685
0.036816962416174014
0.1589564542848112
-0.02895206693113487
0.08668326575002033
0.07393058029555058
0.18329131048000258
0.19424781119984932
-0.025418060200668897
-0.09866220735785954
0.21465595507861587
0.0685352317151222
0.29350395209293856
0.021113449524653077
-0.11264249513605207
-0.15718510564122645
-0.12963355107124286
-0.12948989792641935
0.19853934064723605
-0.0016406072365508916
0.2339344195873267
0.027977868277588566
0.23323341258106936
0.029249894286244506
0.3154051024601797
0.07283881371476153
0.284970069611627
0.02612900295593131
0.06685775868676619
-0.07069204670499198
0.201363303976568
0.014791812298520775
0.3919957287431229
0.02270851840559647
0.36700711733500024
-0.03231618032451798
0.27697170037378616
0.13967316451277964
0.30035560780409254
0.07056733683918567
0.31379426475704264
-0.1833617130496058
0.09546267130214521
0.12937353387232023
0.059786628618795704
0.10429678002733073
0.45040745645943286
0.052520830606200795
0.2228899309823392
0.02524969849874917
0.3443481203984704
0.14474306488402344
0.30210997565349024
-0.027269478199093783
0.19932432654616158
-0.0008802514870192707
0.2697094155730531
0.12953914732282518
0.35918764235257417
-0.07011739948033563
-0.02073578595317726
0.03511705685618729
0.35374861064181506
-0.049729721007580566
0.24036079796118423
0.09594639662303416
0.10855609080070382
-0.08548007791239762
0.25157998270392684
0.10143299401239489
0.29370431771760824
0.022485928506614
0.2989415600533439
0.13763150115437733
0.4041158118822707
0.04225185957480522
0.2020570174238965
0.09575615637398702
0.3311802764726476
0.029300445495664067
0.3806900584051058
-0.06902487431141488
0.0259644420812856
0.12458661836023922
0.21791029495054262
0.15104733855794747
0.3384385943444484
-0.07898332975988062
0.16153840921235932
-0.07951992427346283
0.36395506594774
0.10644159777319179
0.41298990730948404
-0.028396971016362765
0.21388914006174678
0.020259288461836104
-0.012338366982976707
-0.13228357073094563
0.06783488545657568
0.0351655045131058
0.18170905511405944
-0.008319312407058296
0.2121114971277506
-0.02689030777743236
0.24940424488784996
-0.05253615313825889
0.06153723943170347
-0.037021869207858826
0.019315905231473154
-0.09685941567922056
0.15879699776987924
-0.008934774625568801
0.28214650463088775
-0.13125837580715177
0.4418878073673015
0.012043887156227145
0.2457146898312369
-0.10612481016655693
0.1290969899665552
-0.03177257525083612
0.19428489495455742
0.22048119142606354
0.1580027294363895
0.11475940135688523
0.07100626866252265
-0.062006143885214776
0.30995814668993277
-0.010930651092547067
0.24274870453520703
-0.1964091444104777
0.18764194668461803
-0.055098879309243086
0.30084850905708843
0.048405286641890304
0.33806083287642846
-0.08387945658435303
0.3204057487419537
0.014127375768171191
0.2721157239537217
-0.11058733117456182
0.3170718720904833
0.02323257955656754
0.3962365139995745
-0.07704906048712737
-0.08642510062553971
-0.2166167514305311
0.24305159398652276
0.03714348701947066
0.14682329500461214
0.003066285447784693
0.12897889377398344
0.012494030454207303
0.25545765543864163
0.1274112286413086
0.25670643584669606
-0.04775258717410366
0.290201765124544
0.047628058338787305
0.3080535930511047
-0.002183528365515077
0.41895208140297274
0.0575799654083006
0.00920503933291118
-0.09891536917149905
0.2157110314220637
-0.02323751135186366
0.3404505161910593
0.08999415906984283
0.2214364842031872
-0.1476398939111166
0.27892976588628765
-0.09866220735785954
0.3118177875801068
-0.0009306055411303256
0.21771778666372696
-0.09073853621454198
0.3112571865913042
-0.1771460688003062
0.20520750330013476
-0.09591510126136343
0.09163879598662207
-0.09866220735785954
0.23816536401006233
-0.20556028281056415
0.13466318830903093
0.17716976791940212
0.2663927051765685
0.09862629635964526
0.08487867980253232
0.10973424008238396
0.32643510399854564
0.05196779449896815
0.45057308276185654
-0.011818326400370241
0.25495776068826465
-0.06413623673638645
-0.011201632958056588
-0.05272529311239418
0.3306723249253181
0.08898517220187971
0.20262923745114472
-0.13194733314861004
0.1881303536927417
-0.0029157945490769326
0.1932282963799921
-0.011069473028773508
0.2949198595845693
-0.07330231504756737
0.22695598524325758
0.1277337571607703
0.06780786159540894
-0.02638683949941106
0.32687368213716567
-0.08473124847206417
0.04196231449986372
-0.27328631189335045
0.09632107023411371
0.03511705685618729
0.28651572879779286
-0.05538868688099756
0.1407585630378223
-0.054375629151135814
0.3516432789606727
-0.13660154254715096
0.15942660781207332
-0.029618633657405816
-0.01137123745819398
-0.03177257525083612
0.3115681528957382
-0.018380873587794
0.1274833984578685
0.06143582216603117
0.33545788003014043
-0.09777681135145024
0.3141001215270627
-0.008329247730052829
0.1788034364213403
0.056995186032527165
0.21930923616104467
0.1883151703163911
0.10429143541409994
-0.19536833960426161
0.21143965641341977
-0.17671773662487644
0.2757047656930468
-0.05282030329640104
0.17906115249044388
0.09642789182099121
0.07290969899665552
0.03511705685618729
0.06758271512708786
0.13818397763199808
0.23852239415900922
-0.043211642047347364
0.08778519722369507
-0.12830458624991348
0.3984409556728906
0.027174972166955545
0.12530909712637234
0.09189368946261943
0.09358113005696503
-0.03135369803330372
0.04187049917378817
0.04077853986935718
0.1675493283297107
-0.08399290058374731
0.3680994174975249
-0.004343731531299355
0.20151802772932337
-0.09112559364902495
0.3094739141089603
-0.14697292070849102
0.38603110669661583
-0.1289540944684937
0.3382103961914023
0.19108021686046028
0.06276687781871583
0.0043105082173788625
0.3462621769710874
-0.2163439148442596
0.11325221127855166
-0.05401648801964165
0.12923178367029461
0.03106109399213342
0.08348799878492996
0.05330164577283048
0.3115415789978663
0.013114056646168406
0.2191037120489811
-0.2554516763988585
0.36262351883288674
-0.07099272748474589
0.11843895894255696
0.056125522802124406
0.2737707172033066
-0.11759981371053213
0.3409849399264812
0.16629563622428498
0.19525929589593374
0.027771021375486503
0.3049000297912506
0.00933053145288337
0.10508237370089453
-0.040635813895102735
0.38295978564026967
0.04713646525461326
0.3972438003441835
0.10913274405272966
0.3467925163148606
0.06342089144370892
0.20491276827157096
-0.12361458144947622
0.13404813989551798
0.10689391098248245
0.20119774350349393
0.04424548115787944
0.3457933914263119
0.1365874248950557
0.4607560461605591
-0.04714369408042296
0.349120520819023
-0.0727828773394165
0.3094107209349299
0.10390410272813953
0.37655002945951876
0.05705060087742716
-0.11469688954938086
-0.10353185607569697
0.16490667246077875
0.0009241233791721232
0.1954475440838794
0.013064027510975646
0.252487376708789
-0.09888038011414557
0.24615384615384617
-0.03177257525083612
0.1838573032858953
-0.16758733849778745
-0.0011577163993296636
0.025419295516921667
0.08840374197793145
-0.06017810008307954
0.023961599147311406
0.06286057822364431
0.3812231986902919
0.04574314176031068
0.3086567043279036
0.01947021971023671
0.20490911165297881
-0.1661808881749473
0.053387811623918736
-0.04241121131232501
0.04743334556391904
0.12161070646600072
0.2687130714735159
-0.08940561289229601
0.3218241461894682
0.1046646096557066
0.19773652842408623
-0.23935444360896155
0.14625325813130066
-0.03840833852102867
0.20883802199246992
-0.02294422680975696
0.21986643003923415
0.08239389380117926
0.2555183946488294
-0.09866220735785954
-0.06216956164764747
0.006789318165467177
0.005623241325663671
0.010098052669175713
-0.0938634813829376
-0.08971001020125245
-0.09921154494484255
-0.09897192933213825
0.18409103892900663
0.10439478569278268
0.3720475828896568
-0.130769243237347
0.30080717443492405
-0.01728544300167937
0.29856626850974494
0.09741586046563983
-0.04196478263867215
-0.04013035285198684
0.3461063285664161
-0.19770738287291553
0.40027229371698625
-0.022328834582505806
0.26250363970569346
0.14766494097252553
0.18528428093645485
-0.09866220735785954
0.10408715475759707
-0.2855388955545213
0.282150460190102
0.03162548178240004
0.1892502799472072
-0.14484047749221599
0.014238663924837037
-0.07064904920688811
0.3781650721172739
0.11443548346773397
0.3062225969686545
-0.11743897630349777
0.16077755687524303
-0.20140785916074377
0.2729040500184782
-0.03519579795475113
0.2136497965936877
0.09124810322038347
0.3885332683107271
-0.09869677999905918
0.2560403054103254
0.03199819033164274
0.3671345781883483
0.062193500319547367
0.29945620647065657
0.03668522764195576
0.19100891090351946
0.15989544321109606
0.2700611507385012
0.09427758642186083
0.14943926447808017
0.07382620092999347
0.2662693962652455
-0.03776911840164783
0.2548060738968929
-0.0696219696628996
0.23215540308228538
-0.03769598317136416
0.20927296118587735
0.021765531624785898
0.18223548771439183
-0.12526805212263226
0.018696945835991914
0.12684241365487514
0.013840629882884006
-0.003263477554507643
0.07262300127051875
-0.11517523795235392
0.20711926852905282
0.11582053608935042
-0.019988691608411917
0.08410560529911981
0.280794393511815
-0.03511612258928769
0.44003537772067836
-0.05596857203857124
0.22682198250407878
-0.19122955305212386
0.10911851222175935
0.14356528933449111
0.22689351529501345
-0.05333308857430342
0.28747098608497684
-0.08120951315173987
0.07774964478600731
-0.27231932680446086
0.19995188734926683
-0.008700460300989539
0.35107950206068367
-0.20885230044203343
0.04494019443051932
0.005473348136054144
0.2697935306110033
0.061934375179753545
0.15960678831243064
-0.19118738905231247
0.14929115128734802
-0.13866951075284115
0.27833035999891337
0.040320674275046146
0.4595615119925278
-0.07437544317479482
-0.04414715719063545
0.03511705685618729
0.21335708146312338
0.05576006865483115
0.19607621025195796
-0.009696580776384491
0.32017450148339427
0.04871395320812618
0.1995376182585788
-0.02929870584897884
0.15781211582762425
0.0769472106482346
0.47110205276130884
-0.061497642014580925
0.3271140016408503
0.10998535110466018
-0.0008584249437411044
0.056301281028288915
0.4198851925386691
-0.01639367639978959
0.2898452566274298
0.09976603080052471
0.10085601413477242
-0.023869853598256167
0.24579437299252743
-0.1580132660252025
0.2628811737524171
-0.0825795002020773
0.17399078839184415
0.021075841329942047
0.23523919784293873
-0.06687585296298068
0.3128426086175108
0.1907749522206385
0.23678929765886286
0.03511705685618729
0.28313030574785775
-0.1415714150567844
0.22641024509464144
0.033680411791063875
0.16400256310159864
0.17588870690278888
-0.034782608695652174
-0.03177257525083612
-0.11446839004702551
-0.056093490369600874
0.14063278818101305
-0.18925170418716292
0.08174423797919822
0.1458403824055473
0.3962462073985485
0.018126191190259468
0.2602006688963211
0.03511705685618729
0.35879964232038364
-0.033035613619330585
0.19049542040682524
-0.08467318980483679
0.2747870062033849
0.028917387685262946
0.23135630692507111
-0.043530871809874944
0.19950299409258904
-0.20312916329926392
0.1586525936187194
-0.16724069201813185
0.11188629583562254
-0.057968565431197785
0.19455110324695923
-0.10021445987450582
0.08811631885382172
0.03156889066907958
0.3612848791468674
0.026782905788968324
-0.06220062405323353
0.016653889944878375
0.19538405770365427
0.11917022324996111
0.1906781932038836
0.21861714577383287
0.40847344769443317
-0.07757937322133979
0.19970572130187966
-0.01974691583041359
0.2422324815622702
0.0548240333475484
0.03042761463731365
-0.006773008524164348
0.28577768718544455
-0.18091142185452908
0.42756998793504664
-0.056640196537802785
0.3477166929911966
0.07657393079540914
0.4340609038851536
-0.009181109928273805
-0.05731615160273581
-0.2338165038680276
0.11837484552012753
0.07006416890330433
0.40355587443509133
0.08246468347899114
0.20038381213176226
0.005701700951591268
0.2523226501418052
0.035678402619421186
0.39657687866400443
-0.056578222772791974
-0.09240936464434255
-0.1938432981644281
0.23798799139793092
-0.0798368692205513
0.30824273612740927
-0.056449991626299385
0.326790028592424
-0.10449525288151738
0.05386862795868448
-0.057655440194953174
0.14295887664887005
-0.045996932660551215
0.0588628762541806
-0.03177257525083612
0.01649758776915934
-0.2764607757832465
0.002991109129765874
-0.08412787252969182
0.35374889005915044
0.10462194958749069
0.20433328908811382
-0.10189851130229517
0.21736951990786932
0.17660492611325052
0.21337792642140468
0.03511705685618729
0.2462315583663696
-0.0331813869697426
0.2755540466485735
0.16350379364565706
0.3016626611507911
-0.01630723160525909
0.42964023149364966
-0.031052279252850958
0.18965804721426066
0.006763910689260847
0.09108883452080357
-0.024441995278099725
0.05465894691994329
-0.08356898388817513
-0.01475511915578243
0.06451181844785411
0.27789177011641436
-0.2506236257795333
0.33218099977752935
0.018374622584678854
0.3653650598058589
0.06340443768800066
0.15250836120401337
-0.03177257525083612
-0.03839338581867588
-0.017069104737155276
0.1197324414715719
0.03511705685618729
0.45789285133529023
-0.0017770185973566555
0.33702872989681015
-0.005613813265424067
0.0720806226777575
-0.1762612418742545
0.11814541297948387
-0.14963167253489595
0.11212382714236385
-0.06670727878359015
0.08023921246512832
0.0983148615401049
0.2561434450311595
0.05060921236460608
0.08556556458686293
-0.0017750144855782834
0.12024764026031506
0.016633384444549246
0.21741977071762308
-0.03775514454866424
0.20868731060233361
-0.06912860667528842
0.2834013560438166
0.09319883559132539
0.21314267888221106
0.0739736230724332
0.31145758293123066
-0.030332629227492927
0.3945275447371009
0.026995072100137577
0.4339070107594984
-0.0846335780286411
0.15696120050287926
-0.2073537236200528
0.35399081248333125
0.09853980148483026
0.2639880630656275
0.09991318073976123
0.19516477735817905
0.011328516886581562
-0.002849631396317636
-0.09918083510418095
0.20395300233410787
-0.013868228215603177
0.11308155900504582
0.047068984673931114
-0.04450725072437624
-0.0820503384537768
0.3433394494473341
-8.45781692668246e-08
-0.05819397993311037
-0.03177257525083612
0.09139683164570045
0.08549072697193894
-0.09700647582405961
-0.02186090720933238
0.17113739270946632
0.04567906624779467
0.3453950794732058
-0.024766808194409115
0.43483404688812805
0.09219970166351713
0.18096584331501853
0.004596267730060135
0.030710934357266868
-0.11296482279232398
0.2727555850087956
0.15697850204723268
0.2600731132148626
0.1102844203579685
0.2088422950935015
0.21579251640380992
0.18655402073632543
0.037844256231659684
0.12594382488474168
-0.25904399355134833
0.39164971925953634
0.10319666308246894
0.20105903802412403
-0.01590679828100967
-0.11445272099644122
-0.1265435347713749
0.07388788720423778
-0.11412983748307615
0.25214307585083456
0.20474810126948506
0.3162107241896607
-0.17410502319569734
0.4324536324712987
-0.11468418059407391
0.24949469060995502
-0.038632996834659795
0.13083811952258162
-0.04704033333196432
0.4230696695478794
-0.03272312222503813
0.376058433757274
0.07944311293195525
0.2091898209732766
-0.23371604122634687
-0.09204689022615027
-0.06563509756940523
0.3122023471332935
0.038471067369767485
0.44918156547735105
-0.0785767234405301
0.0714004643288739
-0.04173130490503606
0.09555966304984145
-0.026265454181769673
0.38677958386459943
0.0247034238895685
0.16945267270371547
-0.10654776813549055
0.28889035938666796
-0.18686142279299028
0.11063689669844956
0.08506726274424418
0.3435490508241423
-0.11933594505246277
0.38626172392475405
0.06114327946953817
0.3280303383884948
-6.199461321941893e-05
0.2349760508420486
-0.030379312920012946
0.10658950487225016
-0.04212282813413737
0.30966353524650475
0.026546216150514026
0.23244514143113706
0.2409131384154321
0.25455775086509486
0.0365044327893818
0.27649742266143545
-0.16800654127117637
0.03326926902216833
0.026059797556412564
0.2372770291513208
0.09601503632737869
0.22372841285031947
-0.11580789921789927
0.21959347307247462
0.02766019558296187
0.40136358073073086
-0.12851928300261073
-0.07563827750525517
-0.05761693822155074
0.2204916089990585
0.04710577074425742
0.371607931965271
-0.0643949276909976
0.1500538009532597
0.0784057501531116
0.27895926711350066
-0.034997392846536135
0.17365165491001916
-0.056545531108671346
0.3024265517811545
-0.06355616640320527
0.39770287100294516
-0.11959978273618124
0.12204928979443296
0.10895126208248884
0.27018012878826675
0.03538013206591143
0.07644123244071965
0.07693612992592343
0.14630294634837784
0.13283288828836218
0.37472960348338796
-0.06603827143478708
0.09333627015189419
-0.05910867254183966
0.3258212163059861
-0.15905511519070129
0.35267753516458406
-0.19273429371955367
0.17361837772661354
-0.1312813054517734
0.3539771184894976
0.048430262768588375
-0.021617589962883883
-0.1070528535445284
0.34600043566850125
-0.08826169136609108
0.192143932755793
-0.10927491618241147
0.05691587964724082
-0.14148502395376428
0.044811922257851446
-0.0050103864964872345
0.1665551839464883
0.03511705685618729
0.20869565217391303
-0.09866220735785954
0.2150232144452206
0.11750329282339783
0.43399939444748414
-0.05963260463998355
0.10421488473681466
0.06601693063892995
0.3541056457124752
-0.19965009495147423
-0.04882943143812709
-0.09866220735785954
0.07435539594531321
0.023442502879368478
0.34103123979437283
0.15392502852791187
0.04047475123744477
-0.13925465626296252
0.4094238379654766
0.002965664767530756
-0.03605832928457067
0.0507287775486709
0.3984499775626697
0.07171178720533433
0.17113001609056994
-0.019584267346821373
0.32323941974659115
-0.1982600622866368
0.2627310586795738
0.228904296490912
0.11505016722408026
-0.09866220735785954
0.10165750851051568
0.053403330392719155
0.3746479662951908
-0.05637347777466077
0.38650113021877064
0.0861754685815243
0.30487098273616337
-0.018515386804117004
0.13586853919595435
-0.05020512781695923
-0.05665818400409291
-0.11165929166487375
0.0761917392300975
0.05396517025905333
0.23457663317705654
0.13463646589402456
0.20010317518574433
-0.05449939466516169
0.25732120716067813
-0.1972397342763131
0.3640435713099093
-0.09052354664938168
0.4167668731634569
0.004251569743813154
0.2542469394967611
-0.08899788950446845
0.4273992079078473
0.004823397428764704
0.42777521976323535
-0.09762147853329287
0.39222738950968244
-0.04999583963281394
0.08249296111645042
-0.09406037559262267
-0.015136999019979435
0.020214215271504025
0.32059093592357635
-0.13604473990091812
0.20343279275992662
0.021332877171915527
0.3497594169610104
0.01533835036597211
0.18357967506712752
-0.020384427751694204
0.26357378763803685
-0.039060364979393886
0.1491776667026054
-0.16943836195848777
0.10623097539433951
0.13030364605162367
0.2349896688298544
-0.24477076512283935
0.056825311114256205
-0.11211166841029874
0.3326634966391423
0.056415801998546955
0.1709252232624725
-0.0948652137433278
-0.07224080267558529
-0.09866220735785954
0.35181778698583493
0.06045347084478817
0.2637803384339866
-0.16844915414609893
0.004169169517497719
-0.032374951296278806
0.03709434810990771
-0.10908967199789335
0.35501697347701777
0.13241370178948014
0.19133411709623055
-0.012490556610142207
0.3686838280221191
-0.15108532570670202
0.23085637788672395
0.17453259236688048
0.2978007132127201
0.028004007701390304
0.1999712912723613
-0.22639168955729944
0.2888258963184843
0.11493765460456419
0.26585486009785714
0.2437806874921664
0.18557223687288021
-0.03282312080386232
0.4226326937188936
0.11878033568357854
0.1072238408724917
-0.15850827352837582
0.19933110367892976
-0.03177257525083612
0.084795547989538
-0.007274975073094159
0.32412757117721536
-0.0012045071112491978
0.06480491179475492
0.055235776927377626
0.32149597872546715
-0.14414389875729475
0.14096170720929385
-0.1601897160490711
0.24606702249189683
-0.03486478754743959
0.26597582460329633
-0.2203563673933101
-0.040395650343696556
-0.0032946467796159864
0.23834330208062704
0.07877237256853803
0.02140468227424749
-0.09866220735785954
0.35650648555249614
-0.07357209894168469
0.012435638259727148
-0.14831750602396426
0.33820026518229024
-0.1843636194825391
0.0024531607898320394
-0.143043157449529
0.4065773176497188
-0.06233500014481725
0.29629484780015575
0.024631304817426543
0.0026755852842809363
0.03511705685618729
0.43085306552221836
0.09171446497360042
0.3685222662764465
0.11125041708597797
0.1762851960469468
-0.005363690553147872
0.3753929846150933
-0.03477807437084923
0.08773926999885828
0.13487397671651505
0.4566289551111593
-0.09672634482429786
0.07221362905056682
-0.019394197518089854
0.18996655518394648
0.03511705685618729
0.361790024677622
-0.12972175409175496
0.2115325911057976
0.02819886222158964
0.09970152380434565
0.03187416886321036
0.3970762946399185
0.11655621461388779
0.15491538965432033
-0.2746305765381646
