0.021630863592560803
0.03141048297818218
0.05609504798693316
0.07314710132777691
0.07013052914823804
0.11249784007668495
0.09270901312785489
0.13158164120146207
0.1340425509427275
0.12227272401962962
0.16105245426297188
0.12737245112657547
0.15784060369644845
0.1513754098809191
0.1320004596241883
0.15426432035331214
0.12765339941584639
0.12709956469812564
0.13565728680363723
0.1012233297473618
0.12108982114919595
0.1130583830111261
0.09786431331719671
0.1266190716996789
0.10967072259102549
0.12014487572014332
0.1338452244443553
0.11585471991981779
0.13135741225310735
0.13653129898011684
