0.3346573900037928
0.21425429412137098
0.2110020472170699
0.09204507018992744
0.06822742474916388
-0.09866220735785954
0.37273586513744444
0.0470686710687075
0.32379049779957625
0.01965538789284916
0.12542811279665408
-0.1315132719646337
0.17175621517018105
-0.05374848135012205
0.3681021473570743
-0.08315140115614493
0.1714290447693595
-0.03918075244839371
0.4624963894634333
0.05584850963023589
0.23103601892902342
-0.04382919209847674
-0.08508389089315879
0.04597827224517816
0.4263472911356933
-0.026503836236781653
0.388746123268098
-0.20076608181223365
-0.09317792696272728
-0.028809529858996707
0.07946038445116103
0.03587262987942485
0.053797234752755524
0.0011728687136275794
0.25290881933535436
-0.15193009513128727
0.2553364889864826
-0.10879564373350364
0.12660461170718415
0.0947537074416177
0.09408059731174316
0.11212122266118328
0.4784034580671294
-0.006085420003577407
0.3296893734256147
0.13212958170193656
0.042459175399132645
-0.04556051850637328
0.2947950274535148
0.08737937352909364
0.29391128231238844
0.1341314489915327
0.031129542491246005
0.10519850978327398
0.3494512927805245
0.1287574069069465
0.2383684066451091
-0.16502577172709995
0.20869565217391303
-0.09866220735785954
0.061692280290274806
-0.13540675074571099
0.25236449350374185
0.08796586107858734
0.3671860983547418
-0.05372918068745804
0.42963542490356343
0.12615364323549594
0.15007663890302506
0.14125137447138858
0.2618970597232159
-0.23188389884790295
0.3399054048836341
0.012602505541393298
0.20362660733415183
-0.2674558070322825
0.44683948589991146
-0.0016915145389984308
0.22618414726168679
-0.1153833969909355
0.19303728840390877
-0.02502054495498117
0.25852310867944694
-0.2224669007627429
0.47144323468063143
0.08438174552424911
0.386985711959133
-0.027302224288104845
0.3313882630467198
0.05862608654120472
0.5108550762325694
-0.04732885552214348
-0.004862082364091681
-0.09717418697008814
0.37768783596146666
-0.14013258850703425
0.07986042070864667
0.004336641611141846
0.2991087930742089
-0.15923179582809485
0.29127856801149293
0.10016157872422149
0.34226274127370543
0.11595715729966101
0.25194470652740714
0.09317343850118695
0.45769095758413925
-0.0749787659029533
0.23454135251210334
0.028258760084907936
0.1969106867838958
-0.0703146048514978
0.38028727411351576
0.10171380356146308
0.10426132836182998
-0.10908757577826414
0.38684702049992514
0.12440519533334767
0.3504500320699497
0.08481835542626107
0.26490094189120833
0.13748014646624526
0.18996655518394648
0.03511705685618729
-0.010013268605455674
0.013045270702488405
0.398055112833351
-0.15440439906411024
0.21837463890731282
-0.12956475528542505
0.4865948166529738
-0.11567719762195192
0.3393782995829685
-0.13196798322132733
-0.05183703614787881
-0.018882935175376567
0.3427993940978029
-0.024674157564801444
0.3417175244744038
0.010500849161180461
0.2547906560246023
0.03249307004931521
0.19707890367857472
-0.015102386654219598
0.4660432617893988
-0.009641507272476944
0.3741022496351561
-0.10722185278636345
0.3540731143942718
0.20035341190489286
0.019807931464888975
-0.09053320594938298
0.2680046511836557
-0.0468317168682764
0.0960428741229515
0.02005045964329461
0.02608695652173913
0.03511705685618729
0.30564368344903603
-0.20659816047153076
-0.09565217391304348
-0.09866220735785954
0.3306253095071899
0.020298505660799313
0.32461651106200534
0.2473147355476693
0.4411946921558956
-0.11550774632118471
0.20045037065299162
0.09610359097102855
0.5283017075949955
-0.036540385087678214
0.21220415505151483
0.008347920286454619
0.2802811579394432
0.06893676277194617
0.010633239307447986
0.02771220098427493
0.05753180100911209
-0.16015361088500218
0.15250836120401337
-0.03177257525083612
0.09163879598662207
-0.09866220735785954
0.27309776276205694
-0.07741384350232373
0.4164381453174643
-0.006274801166655013
0.49487140093516974
-0.11086218493967229
-0.10694938722648499
0.032510415777362384
-0.023492187868012694
-0.03893678658434213
0.19465728339407573
0.012898079712896852
-0.07224080267558529
-0.09866220735785954
0.00748309333828176
-0.14822150651957852
0.20305526968359874
-0.2477752255413919
0.0404229933560989
0.12937784394756488
0.10631030244445959
-0.08235938457745806
0.4340008062444047
-0.12156438755591634
0.23695601450505857
-0.062610598491789
-0.015043739768336945
-0.014799022893845316
0.11790780895920316
0.11793980758844293
0.2659304374846387
-0.15935548250656115
0.2652297558898294
0.08671119596583407
0.256084418963757
0.02966969924712625
0.3392253343232258
-0.07639630074745929
0.15688114910971762
0.03478267643404912
0.3078894116067339
0.027773762321996534
0.525820141791122
-0.006569572333862066
0.06957329459596609
0.03197469706345365
0.14176802240592523
0.004372493124829115
0.012040133779264214
-0.03177257525083612
0.432818762695738
-0.09832734541285226
0.11092784514442847
0.11115936393404487
0.17921030513064345
0.18873132295822737
0.4141169629104818
-0.06801935888312316
0.18307250940225728
0.03604764831819863
-0.01137123745819398
-0.03177257525083612
-0.05495537043373788
0.03832100872001121
0.15507073932424376
0.06831887595962859
0.1779299247388967
-0.16957900335900938
0.48067455538385623
-0.0777809186743665
0.18363338839125248
-0.03718431756855403
0.25138702149376446
0.11900161555021899
0.17591973244147158
-0.03177257525083612
-0.08160535117056857
-0.03177257525083612
0.3887243427278253
0.08848385284470725
0.16046616532613556
-0.06148700200782385
0.30047844295685877
-0.17922940170889834
0.2429040216312358
0.0612896736371563
0.3624588645803281
-0.18417353459318003
0.16652263788672866
-0.016870375059037535
-0.02110339425151026
-0.03422839345151469
0.43242482282442846
0.11509884714389185
0.4315752232209992
0.050759181252941155
0.22496524476324922
-0.08895046463369552
0.22672885701969606
0.03260289812061799
0.21795097481727488
0.020987724100494726
0.283616699345515
-0.22460220926849628
0.19369945086206264
-0.13125309315647432
0.23078962640799405
-0.11211191073006119
0.29283444472685066
-0.0799068401884982
0.3385367913912852
-0.015987947004055703
0.2221084796078025
0.016904734581033337
0.17772670589822293
-0.07615850414569451
0.3158583964810507
0.20430752529530666
0.29862773201414444
0.04471215711604007
0.404571557602172
-0.06160108611780524
0.3272388602074468
0.19237115166553623
0.23210702341137124
-0.09866220735785954
0.1431438127090301
0.03511705685618729
0.18314490115171358
0.09716993759401721
0.050658628891779134
-0.13458469239410015
0.0812182155361494
0.058487426536687925
0.44970663582842857
-0.05009937771718415
0.21954757345113587
-0.0711136364101698
0.3247218659122173
0.11281513419768804
0.33603422588522114
-0.018004967104747357
0.28777713409191036
-0.05699073785783164
0.383906603522312
-0.09295442386231918
0.30730008871414494
-0.20677336014508133
-0.047045790433588364
0.07594224681108988
0.3284040029485801
0.051492220912653784
0.30766627165214816
0.16291825473842236
0.3807660284094917
0.017994411988118665
-0.002122815513910019
-0.11873164081930296
0.3430257767864326
-0.21395038475347153
0.4768818724636281
-0.04294982976386153
0.1219512485453727
-0.1503116499102018
0.11191689353248756
-0.12007129550711186
0.00047642827212208104
0.08961857022467742
0.27013207821002566
-0.09571068735512821
0.12811479023748432
-0.07624601326458227
0.4488682263487196
0.0489541180483038
0.1458262473833505
-0.06951819628991869
0.3641105576010927
-0.18956366752130768
0.23099280642148665
-0.07891748247212085
0.03192841738942296
-0.003777625953939554
-0.10789585104805063
-0.24156121879515977
0.44461304204758073
-0.1499563809232951
0.22138442882778894
-0.17588990650548766
0.4145226533859112
0.10904782674794741
0.3892177762283358
-0.19648093735184638
0.19698853554975485
0.08147349184164408
0.3757057052116279
-0.16277615697829026
0.20886398126308725
-0.016738085089226203
0.0896361585463923
-0.004688148347565969
0.4667478847421355
-0.0841431340060383
0.26242820417666896
0.1619128404492304
0.29375444377610066
-0.04082728062887533
0.19445762228098212
0.09385290565996818
-0.0037285568357032796
0.0020109701303348843
0.34434568025460915
-0.004504127126344286
0.24939165546391762
-0.06498214021814991
0.06934562026097742
0.13104206103034818
0.35377215659740396
-0.031248257270243066
0.2041560564576172
-0.11912371507496383
0.3804521705297347
-0.08977471098389464
0.3003693834993236
0.03841517622989281
0.4192363342422559
0.0794504986273463
0.006523540963290985
0.02012739899996121
0.12277809869724245
0.07337188555395108
0.3446589229967158
-0.06904086046222538
0.4574111902840461
-0.04875895828991819
0.1090907864919453
-0.0026922515646070327
-0.034054540958114624
0.0245093582772987
0.31856387029581723
0.10152444211163356
0.20062034150539657
-0.00416812327139042
0.39908508879510285
0.07156069123483083
0.4108150789529155
0.028294450976890602
0.24412812182800817
0.10602718896262006
0.18402756920380642
0.16201645836153383
0.13909106183352307
-0.12851927679650937
0.43654505494036805
0.10417796041227967
0.3899350675868422
0.07081917737228137
0.13865940558110454
0.08666267109576394
0.34342029461311047
0.14844112999774922
0.26027389916924376
0.14540202611169278
0.09895429833594993
-0.13036428063761238
0.14139232737156432
-0.0029117805696818894
0.3856993496855092
-0.05016842384346733
0.3127546027029394
0.12696007089620762
0.13034844021159653
-0.07900818065307773
0.30819486843966154
0.07793255676445891
-0.05819397993311037
-0.03177257525083612
0.2332112165103048
0.11022204220252194
0.06809178516914183
-0.3088728471557298
0.3772540503200948
0.08687395459666049
0.19842885711393096
0.06309454170866757
0.3063608273171398
-0.0699010585127192
0.32638693746246844
-0.044055796837226095
0.1538453976458755
0.001388660797779627
0.4260373161060814
0.17425623296816464
0.41815026785804693
0.15406737172224988
0.3257217155604132
-0.1201435847266006
0.31641423162622917
-0.04723101518791263
-0.1361244937334189
-0.19660425928652148
0.10307983323796918
-0.16625162961439127
0.2836120401337793
0.03511705685618729
0.08188528779794584
-0.08537418638484029
0.21460573075798484
0.017577997536797143
0.03545150501672241
-0.03177257525083612
0.05600254308889183
-0.12699985334093575
0.22932324199223617
-0.027699699342196224
0.08255314174503457
-0.06062422616315003
0.2807823271360581
-0.12021266026182156
0.5099660548110622
-0.028628431341688736
0.3108708498086162
-0.12898473629477913
0.49373395659658786
-0.09837332031208768
0.25129335533489366
-0.03415584994897045
0.29860130052194495
-0.16921718959381932
0.25240404407889183
-0.10911391109631058
0.24152557769088065
0.09725756517298606
0.21299698061901368
0.058995854241973046
0.03347507205343557
-0.01716604264598158
0.21494401751052403
-0.12238332135387685
0.3182333270888237
-0.10233176834828603
-0.08945191734306168
-0.03829246885260828
0.4476915524690766
-0.14692449207254876
0.31242391499207384
0.028554364684051196
-0.014215693850867836
-0.07606994462291895
0.05251875035880668
0.10543169438906938
-0.14865822783450475
-0.09998897552379149
0.31775662854920916
-0.05725898253942752
0.16779755476583144
0.12206141090155524
0.2932955569133966
-0.09043835618050496
0.4561795296048025
0.06377339191219568
0.4148403434118728
-0.09056192169493656
0.1736768145944912
-0.12478732429966519
0.23678929765886286
0.03511705685618729
0.22414947240928768
-0.1978150432155829
0.362795848017227
-0.0816048040450198
0.4063256715362824
-0.09058156898173637
0.32346761758419706
0.03379749708558716
0.3849050065813516
0.07560544139425524
0.20423554548818834
0.006242941545656251
0.31602679257433075
0.180482069875822
0.42871261667439725
0.11005524564996777
0.24615384615384617
-0.03177257525083612
0.2252331388572565
-0.039522193508628733
0.360241308263321
0.1697552893405706
0.2729799100328922
-0.1611028591132992
0.033924064262719385
-0.0489768606639119
0.2604530231950692
0.03268064964305671
0.3773182493708286
-0.014402335772147792
0.5124857830068106
-0.05172830232290383
0.1777245041571335
0.013755946887224268
0.31520321457575234
0.12451989448931668
0.42040700225185645
0.029235280784445844
0.29824828674439746
-0.18196193983690684
0.3642683669995663
-0.01092503251565103
0.47555688931985024
0.12702873923768984
0.292822450763231
0.03904009145170744
0.4612842776372956
-0.1257079625252204
0.16094426619928942
-0.04699763517050248
0.15387071301588284
-0.0038554010538844018
0.17570546226020886
0.039830100685006656
-0.011049207241560038
-0.10447387531997676
0.14261959802678442
-0.2937352061033171
0.22058615403550183
0.22587265250913208
-0.16031819333388678
-0.11434078803035061
0.37923082848598033
0.1590421552758974
0.18609622850777593
-0.08873990415125053
0.0107344033092048
-0.2972904312949348
0.4714280808595415
0.07715531488594735
0.37845989727257495
-0.1197623406806252
0.20980274489617082
-0.16786334917844062
0.3077783077689218
0.05341106652174213
0.26141848014982316
-0.040611370302382564
0.20309158253012702
0.007840547812331906
0.17857322652350197
-0.18489267410336127
0.05070651366160489
0.07758840686039878
0.13465507726922896
-0.19139787126894908
0.4267963904308708
-0.024352014636598404
0.22073101100986484
0.028475207706751385
0.21430773240532078
-0.22753450224157923
0.11512327055245923
0.016350722569174844
0.3697478784191287
-0.004290172144622229
0.21493262102811558
0.02022822464759007
0.42484517912312514
0.06610486946109537
0.10482766305298165
0.024114845750423962
0.1756273100688121
0.024408163822518737
0.3493703723153223
0.08941125201114378
-0.11512898350572252
-0.0857320750736499
0.2650162648330558
-0.05508087911299234
0.21325653038369208
0.08922002086299542
0.054082957506285195
-0.12009409285278458
0.24619429138781615
-0.05834543069215749
0.3193107408523614
0.08581072638913761
0.24500445824257927
0.16796979131252082
0.2745902761022484
-0.0358519022034189
0.05953673979883557
0.08892482431226419
0.1665551839464883
0.03511705685618729
0.1197324414715719
0.03511705685618729
0.1915748995385909
8.719349419964058e-05
0.13846153846153847
-0.09866220735785954
0.4909282580953377
0.12030790771407353
0.3958748557519845
-0.1131344702679387
0.2555183946488294
-0.09866220735785954
0.27892976588628765
-0.09866220735785954
0.41605127273153186
0.10811136566320362
0.25820102968707176
-0.05836212383754094
0.24913807803979088
0.07318807932335056
0.345611747782517
-0.03241399606229109
0.34660484279290454
-0.0812108014870161
0.1527243427276591
0.04149500386284806
0.27947473580910787
-0.050447852034110036
0.18528428093645485
-0.09866220735785954
0.4079659659577816
-0.017766374141864404
0.15898051846596184
0.06609405858829592
0.25804505247396736
0.10423919823161028
0.19933110367892976
-0.03177257525083612
0.19162320346473544
-0.028632486554856406
0.27550872537064763
-0.09143231736233914
0.23027341582200264
0.12903292449225845
0.24514851200320112
0.05184422796514779
0.07182843081909203
-0.03844409790715808
0.2708238351356515
0.18522061297897763
0.4261151452653266
-0.048545589835920507
0.3243539793343927
-0.027484022570906638
0.23468415058637307
-0.09341665719597494
0.21654571555232047
-0.10763453039847773
0.31870424056818314
-0.08682731726763311
-0.002006688963210702
-0.09866220735785954
0.1983773928728538
-0.2824834707952768
0.35298310587943194
-0.21783044153594985
0.22542966732134803
-0.19197371998933607
0.18960750128332068
-0.003958169706113858
0.16060736232804268
-0.10602718398628201
0.3766389051319612
0.024647980109135395
0.1876713538517984
-0.0355294735626385
0.02140468227424749
-0.09866220735785954
0.22685318512774505
-0.12387059997325249
0.35490283132906264
-0.18344868548603205
0.37690280700358
-0.02553073905335137
0.3587366134325953
-0.12777580171092287
0.14312543589313972
-0.2062147131073513
0.44091038814330774
-0.0226740292382287
0.419365929740753
0.05589156236269545
0.23144223538250616
-0.023978976922455795
0.30079607592312907
-0.03544267531308959
0.16120575299274076
-0.005666573030214924
0.0026755852842809363
0.03511705685618729
0.27381842036424514
-0.036344599134151626
0.09318105412083885
0.12521360827037226
-0.05779514700861112
0.05185330039620056
0.28641656252381054
-0.14171260473101016
0.3426395805446777
0.09464053685604801
0.16550892807402895
-0.10177973350507157
0.28309537594018597
0.1333966926493346
0.21337792642140468
0.03511705685618729
0.20454510920263022
0.08286527887140616
0.05318294371931711
-0.08639178481999851
0.17526230143445864
-0.16871509226673942
0.05918924067405743
0.03238400654212885
0.31120302254073073
-0.04620901820481408
0.12218974145222837
0.0612861131004625
0.46209547673800744
-0.08157911549681032
0.19230492383461154
-0.023730741943830302
0.3295847480686967
-0.11378755758108472
-0.019228766412412775
-0.1086425342021001
0.4553440989633327
-0.12066517018662595
0.1358003736754764
0.049570435283455734
0.32592364153415815
-0.06165861302128519
0.33586540056307335
0.22023159361063246
0.04158303919875282
-0.00017281593377203386
0.4680033463673612
0.024323660126845857
0.37382406273350255
0.08340563414395391
0.15219820260250796
0.059794112258818186
0.08630571647425095
-0.0974483502201362
0.2248482446563868
-0.0263867600092332
0.22347580808354267
0.046465009987101104
0.37108892506368935
0.02248044087239675
-0.06665109417029125
0.0040399152440609
0.3107932903998302
-0.19470113509548537
0.2368043317040952
-0.03796133275076966
0.3746337910748783
-0.06568294142841222
0.4008276514934384
0.03181718734177396
0.13738913129858038
-0.016769427811634374
0.30663641273925335
-0.22553991524632525
0.1494842797545952
0.10156400195507055
0.3413506563274669
-0.09771039829028169
0.35697517707930204
0.14416113865679744
-0.06159459688349816
-0.0457433451400822
0.4317838496894376
-0.05841604286569462
0.2874134802058438
0.11925697443000566
0.4178617623637462
0.041087646838464664
0.2125975096872559
-0.018202480873315857
0.5084722649248501
0.052655970440266035
0.4269044121335874
-0.11948947510101444
0.2699108535176141
-0.04318170002670258
0.2062307722334829
0.0338500744186548
0.16187290969899665
-0.09866220735785954
0.3372311335938947
0.0352975018169945
0.23716679323359374
0.025370329750980667
0.20546104243377517
-0.04329188615707351
0.06695746132134318
0.1004133673964207
0.05562161796752806
-0.022724923275111872
0.07290969899665552
0.03511705685618729
0.17527319710521383
-0.07053354272908768
0.4703309950008254
0.03724314887874578
0.01569225901235405
-0.041052680472783085
0.38410951806678423
0.03015770430930264
0.23993927828168288
-0.2065223670213185
0.14200404200647665
-0.16965615313890184
0.33420822091554225
0.038971597955967906
0.008307363417468999
-0.11823367416699627
0.11505016722408026
-0.09866220735785954
-0.08205134558263225
-0.01368660862560266
0.18497750246973763
-0.25936792493394467
0.4213039680148908
0.14932417617920782
0.25856355440507256
0.03958710283914441
0.10568561872909699
-0.03177257525083612
0.42766561342361253
-0.01111461549494044
0.07448637154217144
0.1382629330072046
0.3549160791567708
-0.007649150420086959
-0.034782608695652174
-0.03177257525083612
0.3435785566892058
-0.2282030460836113
0.3523713876693454
0.01225798713018365
0.5361474795420702
-0.03734706953869761
0.07314953788866481
0.0063716807911143244
0.246009136376451
0.05546863640191645
0.3163049056439312
-0.14284652233784698
0.4345860010372
-0.030986682110847517
0.46826301776630763
0.026509833140178123
0.28035753789756324
-0.03541681959721284
0.4188512090982475
-0.15574600169710714
0.2097129130180375
-0.01627566700060281
0.31842030342836625
-0.1700752795900868
0.26114637318246736
-0.25696589958291394
0.2224895607318739
-0.09433550423299936
0.27091243994797665
0.2525145417030984
0.08282469227643402
-0.3048546382333773
-0.02073578595317726
0.03511705685618729
0.17801185068747868
-0.003693063146834338
0.13541821154996422
-0.05001106631254742
0.12711567773423404
-0.02092003254094222
0.41761255536365893
-0.08253846963856366
0.35893135372773
0.02307974625148205
0.42351553191505553
0.1556512411699121
0.2540542858202391
0.04516402856842922
0.0009308319943238082
-0.031244213563802168
0.17775769895716562
-0.047901946411592664
0.440977706097882
0.02177225862046875
0.39990235417801473
0.1556753361792662
0.30750244089866424
0.029916117893790783
-0.07131004652123185
0.04263330372834121
0.5069703243463369
0.02949604901994363
0.45836248543000047
-0.07377174996726044
0.17510154867314828
-0.010372760858445533
0.10699558050409945
0.15332318143718135
0.10958572306097865
0.08134249869284899
0.0922356205617939
-0.14576650074195627
0.38095627637208707
-0.018873309865156833
0.3839858986335287
0.10672324838672335
0.1720769736055056
-0.2837882174392471
0.45334643515816864
0.04190647590677129
0.33563809995991656
0.028694146627058804
0.07779197832721252
-0.09169816942484099
0.23236296666167885
0.19898187712809154
0.27289614202805934
-0.06939188573072055
0.2999667534647204
0.1640142168991119
0.026569364819807137
0.034711774383152656
0.3891786191607647
0.020997243499266398
0.10656384447286119
-0.03278333427285487
0.472268606413581
0.10257107696317104
0.3815828785205402
-0.10275306366392316
0.1804623519137104
0.08010372235346573
0.16577739775364686
-0.1840266729597624
0.3413026219313298
-0.062452210039786744
0.4350446976470623
0.1834409710020466
-0.03666955856175075
-0.06636450545108318
0.10966125103054415
0.11478953092773174
-0.01640596476435149
-0.13218525915139065
-0.10569448240639741
-0.07840620932794906
0.16164693716508818
-0.053764525021338105
0.40049955470442705
0.008390525201658002
0.22274247491638796
-0.03177257525083612
0.05335888883708452
-0.06849743430584929
0.18885831087791272
-0.09365915992501866
0.20258002666238775
-0.0043463835422608114
0.09112556332466823
0.02256385788537401
0.15179890268642732
-0.06032649834605057
0.4300040349584608
-0.06360971333107884
-0.09096989966555184
0.03511705685618729
0.20344950844801146
-0.006590052715057651
0.3590238081311695
0.03530824181325797
0.20927349976339535
-0.16298271654010266
0.39365048042365186
0.05140249245716222
0.3644690310652142
-0.11926743635650422
0.26956521739130435
-0.03177257525083612
0.4353099413685842
0.05399519306490235
0.006410820348056905
0.10368968015029632
0.5025124688230378
0.08311126327148131
0.46751797486076574
-0.03152568777183887
0.2857215722464281
0.16548630665529812
0.2792788163157146
-0.14990531239721266
0.4281714872144572
-0.03180784205753735
0.23095158937602472
-0.033459569609449215
0.2899298819871749
-0.10299233991418225
0.2131641068578151
-0.15655060620170871
0.11941112270403695
-0.04023209148284404
0.07957644105669409
0.07562361860103806
0.4332918725150118
0.07472866905623707
0.48006750009019045
-0.1339497196992977
0.107768102661741
0.0817598047217458
0.33857261812103623
0.08495230951303806
0.05910615894499972
0.08123420695946793
0.167237593207323
0.10060995847423398
0.4624258755642019
-0.10140581806820646
0.31813037420048185
0.10852878005253822
0.4637571636156786
0.10709615938404807
0.3228937700607857
-0.029147483182969385
0.25556516846703103
-0.1366230043229028
0.1844850973500296
0.08303633559181434
0.23604014011186866
0.19284216480616861
0.506127589040953
-0.05503371455542145
0.30459320294198283
0.15911240779196548
0.2850891297287361
0.03445030395171861
0.2178844482290484
-0.016500338942961087
0.04896100374906957
-0.03511901047891588
0.2065593780755284
-0.023082991216364722
0.31415328697093303
0.06676003860929774
0.19961064646275978
-0.020357661033318573
0.4591460595203891
0.0011237252447488383
0.34595864207486915
-0.004356523324342859
0.5044056649071187
0.08013446841989774
0.08779735770914551
-0.00852796423828468
-0.06821856041043947
-0.048201083930817526
0.33870831465435086
-0.018508207805135252
0.41207191703832086
-0.058502119784082984
0.4303370975575125
0.06898553395707058
0.20616397948426338
0.1925860880576868
0.08387708506035825
-0.10661676541775891
0.03857263644370354
-0.03868706693386353
0.2887252899058509
0.04902358868433664
0.12974511661979157
0.1307388165001435
0.0822742474916388
-0.03177257525083612
-0.03741973071971112
-0.12704013322972663
0.1290969899665552
-0.03177257525083612
0.28975642226134296
-0.12659748047225544
0.30429094526992817
-0.03272273925671574
0.1529575925477987
0.11845086618908701
0.39498064854883425
-0.18357318265169775
0.31879751433754805
-0.024049823256907958
0.345772540767912
-0.20315383211038482
-0.04882943143812709
-0.09866220735785954
0.49292214266551376
0.0020885261561845517
0.10255937389566583
0.047186092089396586
0.18798657413333955
-0.12947228731846372
0.2397940970768
0.044341851060454254
0.31087863425628787
0.03098473179464866
0.0588628762541806
-0.03177257525083612
0.27081254473821076
0.1816213215374763
0.32681437391147256
0.02432751111926623
0.11860866779022
0.038389259538655796
0.1208114188781219
0.007372147583283528
0.23181396612968064
-0.1846142231890299
0.19604075209765032
-0.08679986412734385
0.33757183215782893
-0.058921892679015646
0.08682425507664109
-0.07105754924433345
0.25743816920300655
0.05735779565301416
-0.04414715719063545
0.03511705685618729
0.0795852272207894
-0.011697290741894375
0.42780697835525605
0.007476831405217311
-0.010547566586252855
0.007688242396024737
0.27002892978132154
-0.20339379769885127
0.4141899245605004
-0.10228896401650579
0.4206542413172915
0.04595744607591587
0.022723728752650215
0.0842741114794728
0.4126110439025213
-0.09463331264092992
0.010556410854996395
0.07916167577313238
0.25264937343046817
-0.13650759942937418
0.161601065786382
-0.1556142082077596
0.296043626349585
-0.08905469002502417
0.25925189903863344
0.1524839209208413
0.049498327759197325
0.03511705685618729
0.3250944834609102
0.1122347452678749
0.03990703055801193
0.05566829015268989
0.05544918268750738
-0.0697416592406086
0.47704038054168285
0.015492591774903024
0.10192509175110144
-0.04847328759683871
0.23718810540422722
0.027604374609127187
0.21828841681903913
0.17156398211459328
0.18780664176872958
0.1720122885403015
0.3076855575670267
-0.25588046580879314
0.330516876060419
0.023638712810415206
0.24395903514299
0.21115521716581734
0.3343665488589876
0.010178081479379996
0.06081231450857495
0.048996283746949316
-0.015812552304938717
0.0028565477554706852
0.1781603812734664
-0.22126638068428114
0.25546889560188857
0.06336287678246943
0.09632107023411371
0.03511705685618729
0.37012893374155853
0.05827667830872944
0.23226602072013472
0.02660465908123256
0.07448010498735692
-0.03893267674502205
0.15079486100851083
0.05850606061653967
0.27865579484399255
-0.2192771123756615
0.29132131513971776
-0.15265987811838894
0.3062607758762609
0.22129240759551544
0.22529480915495978
-0.027835692813205762
0.4274893516192933
-0.052699845444792066
0.21080719634904688
-0.19866652120455425
0.12200482779423939
-0.0617078217389257
0.12638882992024655
-0.13409031416833758
0.30468184048297653
0.17638608521302482
0.3514208237038647
-0.0111334737183061
0.20000208413581563
0.01651592970348547
0.09894363548622294
-0.032793140320419724
0.4578067943714579
0.13651314214444443
0.46603004826643024
0.09057895086114062
0.34091798641152815
0.08329648624311682
0.38600045493309476
-0.0826876040099356
0.4021140862964462
0.1783223871646845
0.1861645514254717
0.01692722643045552
0.06262939176135204
0.07430696712846055
0.3992848229813224
-0.015605391169097288
-0.0519585631380799
-0.06141470779642956
0.45535380832147565
0.005786667356618799
0.18115006638915737
-0.04361388979999509
0.4791565740029297
0.1048244997337731
0.332140859538489
-0.032471838146940386
0.08919036821301363
0.08099648269737268
0.23114972713923787
0.13089891484223076
0.31184078744972893
-0.03672278797062615
0.020406531616647627
-0.08385845857817577
0.27890730324756935
0.11844106382771315
0.508875665244593
-0.0020319900832670825
0.2708250380504055
0.2314196070174486
0.32631307320765535
-0.05068178777636106
0.2849643402221109
-0.14260963945193833
0.05106046304852037
-0.034812248120231856
0.3035835145863498
-0.04106916251180536
0.2860744011735681
-0.15370648834233117
0.3365797821483304
-0.02849606557927537
0.27124994898138827
-0.1871459912688286
0.18285086010301674
-0.11236472922506949
0.49158673274093206
0.022512318208409966
0.45058759801735065
0.1104292504904984
0.3378076381140701
-0.007218754619304046
0.11693154189783028
0.0674645049718679
0.13103240485058235
-0.07417101803667102
0.10838336167852783
0.1665788381251783
0.0659430707239388
0.0013139816783378847
0.36076088340159496
0.016276131829271033
0.25489527284748276
-0.10223425551423682
0.1978007093207478
0.1210351995038082
0.39925074945280775
0.07656126840051922
0.3100602575369066
-0.045437122514482106
-0.045790134341424364
0.09959095909812075
0.46103502498437615
-0.11114582846250082
-0.016629605373301083
0.054521400122886234
0.36564713954787637
-0.1723856186300804
0.044816053511705686
-0.09866220735785954
0.2235499576741501
-0.1167526760749432
0.3324050973669366
-0.11475201169725953
0.3202023154910126
-0.029139840565039266
0.12151907138515114
-0.08140812400686642
0.3635751819697294
0.018526437330485552
0.08552574778451477
-0.015635477229435063
0.32843759477380435
0.02921214653722118
0.4707572213476853
0.13763268760710617
0.29901688976951407
-0.03385322076897618
0.1381432164443859
0.03816041973668765
0.2147729684278566
0.034609936797166216
0.4431219086819958
0.08724209227168515
0.3616771495123894
-0.11782654799274875
0.18450010841362455
-0.24413308600601802
0.3988895635588883
-0.08691318315473012
0.03627465071151613
-0.10875584103590605
0.17641660365772147
-0.09740142525075361
0.3312175867184284
-0.017203293746493722
0.07600413985886934
-0.10273507332076673
0.08229808016367185
-0.08596299583307296
0.16165719670688056
-0.1743407865300125
0.24803708240241173
-0.03397160881338194
-0.11113981795956329
-0.021267917415674853
0.03913967414556433
0.05432403716413067
0.4355511306710748
-0.09504398773858297
-0.1423319334093653
-0.06710649077243372
0.3936643144559793
0.08720365537937963
-0.04913529015007767
-0.0018162820511590256
0.2889118359643863
0.029790561718107553
0.2609953319354641
0.08000945445272842
0.32857312095252955
-0.21579706293630685
0.19976962595551095
0.15358028500101498
0.45227793223756324
-0.09145734402884367
0.2058445977840866
-0.059427089023034146
0.4052048151645741
-0.10778382511645129
-0.025418060200668897
-0.09866220735785954
0.13993277937015114
0.018886095116406376
0.36617179866161115
0.1169320738325309
0.11829651996407435
-0.03879400104606044
-0.06755852842809365
0.03511705685618729
0.36081536897889727
-0.14543182144639627
0.34522091026241464
-0.04432669189937611
0.46042804328260545
0.004229640547477718
0.2862796072411395
0.03572968759140707
0.352834932661777
0.007226107773746049
0.10837844903867068
-0.18462289688065173
0.3013885206572174
-0.03152028249995484
0.35951392441874164
0.18340707485452765
0.4059595016262971
-0.06868714215332966
0.3542367736628181
0.2224636522831849
0.2602006688963211
0.03511705685618729
0.21543762694207477
0.15599359829138107
0.12198235972599294
0.07392739131710069
0.016718539649232714
-0.04556831019617082
0.013386482678225647
0.12558789399621526
0.40157037837356924
-0.20999290640403326
0.2683537992903863
0.03926900108401672
0.331960004438471
-0.10909225081341073
0.2769613329815529
-0.09193758815625036
0.24931503368645358
-0.029171081626947835
0.3285189355714174
-0.054632148343016454
0.25141131033448333
0.14359334211922178
0.3210961157415847
0.07192172813877207
0.1701464972483447
-0.2958123744245222
0.22327101927267487
0.07504004292340016
