0.010314948
-0.09977082
0.015939314
-0.19978124
0.013469074
-0.30000946
-0.0017353396
-0.39996275
-0.035325177
-0.49825773
-0.094683
-0.5919514
-0.099088944
-0.0047354614
-0.19899783
-0.008017943
-0.29911032
-0.0084045455
-0.39932647
-0.0045710644
-0.49930575
0.004649269
-0.0193885
0.09911089
-0.03108112
0.19913706
-0.026803019
0.30004185
0.0028370111
0.3998641
0.06876872
0.4931826
0.18351474
0.5692402
0.09907116
0.009448701
0.19869596
0.016008625
0.29910964
0.016794039
0.3998856
0.0091389585
0.49962384
-0.009293836
0.029562034
-0.098023295
0.046825726
-0.19807078
0.040078864
-0.30009922
-0.0045295255
-0.39970595
-0.101855546
-0.4851315
-0.26583925
-0.53542
-0.09723661
-0.0141173005
-0.19639531
-0.023942202
-0.2973328
-0.025144005
-0.39909896
-0.0136888595
-0.49855718
0.013907365
-0.038396243
0.09651321
-0.06163539
0.19659138
-0.053093705
0.3001971
0.005564417
0.39948884
0.13190378
0.47452885
0.33848074
0.49442047
0.096299745
0.01871958
0.19478972
0.03179445
0.29643393
0.033449378
0.39954272
0.018229486
0.49850717
-0.01850716
0.048248656
-0.094587736
0.076942146
-0.19470675
0.06592837
-0.30034116
-0.007162695
-0.399217
-0.16062039
-0.46199203
-0.4042696
-0.44952658
-0.093561634
-0.02323346
-0.19120212
-0.03953366
-0.29376823
-0.04167751
-0.39864522
-0.02273442
-0.49708405
0.023045737
-0.056663785
0.09225588
-0.09118126
0.19243062
-0.07838623
0.3005574
0.008082375
0.39889067
0.1858706
0.4480316
0.46283713
0.40305984
0.09173056
0.027638048
0.18830024
0.047138732
0.29195875
0.049832914
0.398974
0.027224591
0.49668586
-0.027562292
0.06602652
-0.08952846
0.10583892
-0.18977527
0.090552755
-0.30085453
-0.00953887
-0.39851692
-0.20943692
-0.43322966
-0.5169126
-0.35568485
-0.08812392
-0.031912185
-0.18344438
-0.05457714
-0.2883973
-0.0578764
-0.3979685
-0.03166233
-0.49493307
0.031989694
-0.073857084
0.08641766
-0.11930851
0.1867559
-0.10224189
0.30126607
0.010299849
0.398096
0.229744
0.4180052
0.5665727
0.3082181
0.085438855
0.036036044
0.17926222
0.061830398
0.28565997
0.0658214
0.39818305
0.036080237
0.49421653
-0.03638848
0.08257741
-0.082938164
0.13314907
-0.18338937
0.113541506
-0.30180478
-0.011572912
-0.39763632
-0.24842885
-0.4027434
-0.61236125
-0.25971696
-0.0810136
-0.039989527
-0.17316525
-0.06886621
-0.28119007
-0.07362364
-0.3970727
-0.04043028
-0.4921698
0.040673256
-0.0896768
0.079104796
-0.14569819
0.17968854
-0.12428166
0.3025079
0.012138528
0.39713827
0.26439714
0.38773033
0.6538285
0.21063177
0.07753058
0.043754455
0.16772978
0.07566799
0.27750206
0.08130405
0.39717418
0.04475662
0.49117327
-0.044924468
0.09762082
-0.074935526
0.15860187
-0.17567512
0.13454583
-0.30339226
-0.013194146
-0.39661178
-0.27896717
-0.3731377
-0.6890429
-0.1597363
-0.07235174
-0.047312357
-0.16043004
-0.08220476
-0.2721046
-0.08881553
-0.39596248
-0.04900124
-0.48887438
0.049040113
-0.10386357
0.070447534
-0.17012884
0.17135617
-0.14418761
0.30449593
0.013535252
0.39605707
0.2914484
0.35915437
0.716939
0.107763246
0.06814243
0.05064677
0.15378334
0.08846106
0.2674381
0.0961839
0.39595225
0.05321938
0.48764035
-0.05311948
0.11091778
-0.06566179
0.18202183
-0.1667584
0.15327515
-0.3058395
-0.014347987
-0.3954849
-0.30276442
-0.34578705
-0.73429847
-0.054224476
-0.062289897
-0.05374125
-0.14533451
-0.09440816
-0.26108816
-0.10336104
-0.3946424
-0.057343796
-0.4851355
0.057045773
-0.11620012
0.06059724
-0.19247031
0.16188091
-0.16169493
0.30745906
0.014444139
0.39489526
0.31257254
0.33317584
0.7407602
0.000121786725
0.0574417
0.056581344
0.1375376
0.100031056
0.25541124
0.11037513
0.39452162
0.06144015
0.4837097
-0.060935285
0.122271106
-0.055277687
0.20331912
-0.15675555
0.1694847
-0.30937934
-0.01499765
-0.39429927
-0.32139906
-0.32121852
-0.73435235
0.053982664
-0.051009987
-0.059153054
-0.12801269
-0.105303735
-0.24807926
-0.11717891
-0.39311594
-0.06543265
-0.48104596
0.06465796
-0.1265106
0.049723674
-0.21266969
0.15137234
-0.1765756
0.3116317
0.014837846
0.3936967
0.32920596
0.31004083
0.7170421
-0.10752553
0.045625046
0.06144418
0.119150236
0.11021114
0.24135801
0.12379979
0.39288554
0.069396995
0.47947437
-0.06834513
0.13152401
-0.043960903
0.22247167
-0.14576814
0.18295595
-0.31424478
-0.015125541
-0.3930987
-0.3361562
-0.29947495
-0.6891866
0.15950543
-0.03872192
-0.06344352
-0.10864626
-0.11473083
-0.23301326
-0.130193
-0.3913861
-0.073249586
-0.47669756
0.07185563
-0.13465776
0.038011696
-0.2307328
0.1399243
-0.18861684
0.31724432
0.014707731
0.39250457
0.3424799
0.28965062
0.6540029
-0.21040758
0.032915723
0.06514144
0.09883087
0.118847854
0.22521545
0.13638246
0.3910459
0.077075206
0.47502458
-0.0753339
0.13855687
-0.031903334
0.23950689
-0.1338822
0.19347358
-0.32066095
-0.01473204
-0.3919253
-0.3480233
-0.28036225
-0.6125583
0.25949875
-0.025660705
-0.06652954
-0.087472424
-0.12254361
-0.21583033
-0.14232685
-0.38945305
-0.0807831
-0.4721776
0.078629285
-0.14053987
0.025659513
-0.246705
0.12761594
-0.1975952
0.3245137
0.014063022
0.39135998
0.35325068
0.271751
0.566788
-0.3080038
0.019559769
0.067601
0.07684725
0.1258038
0.20693149
0.14804433
0.38900182
0.08446647
0.47044334
-0.08189711
0.14328364
-0.019308392
0.25448242
-0.12117093
0.20079811
-0.32883254
-0.013835564
-0.3908186
-0.35773924
-0.26359138
-0.5171445
0.35547298
-0.012081379
-0.06835066
-0.064788096
-0.12861404
-0.19648829
-0.15349755
-0.38731465
-0.08802825
-0.46756524
0.084978625
-0.14408697
0.012875276
-0.26065356
0.114515916
-0.20325038
0.3336295
0.012930845
0.39029992
0.36215684
0.25603744
0.46308923
-0.40285042
0.005820539
0.06877478
0.05352695
0.13096188
0.18647933
0.15869726
0.3867502
0.09156934
0.46580616
-0.08803867
0.14564902
-0.0063883485
0.2674707
-0.107699506
0.2046408
-0.3389291
-0.012471277
-0.3898132
-0.3658535
-0.24885385
-0.40454626
0.4493219
0.0017465701
-0.06887128
-0.040948793
-0.13283707
-0.17497891
-0.16361089
-0.38496584
-0.09498692
-0.46293098
0.09091181
-0.14525847
-0.00012574016
-0.27265397
0.10068797
-0.20525977
0.3447346
0.011353554
0.3893572
0.36967307
0.24220645
0.33878937
-0.49422768
-0.008028045
0.06863969
0.029252898
0.13423063
0.16387497
0.16824067
0.3842834
0.09838857
0.4611781
-0.09377023
0.14562604
0.0066392776
0.27854687
-0.09353163
0.20463917
-0.35105866
-0.01068911
-0.38893962
-0.37277454
-0.23585577
-0.26618448
0.5352509
0.015546712
-0.06808119
-0.016360687
-0.13513628
-0.15134557
-0.17255913
-0.38239712
-0.101666436
-0.45833412
0.09644328
-0.14404109
-0.013124633
-0.28278056
0.08619712
-0.20321755
0.3578933
0.0093879
0.38855934
0.3761543
0.22997797
0.18389732
-0.5691117
-0.02170891
0.06719845
0.0044516106
0.1355495
0.13919586
0.17656083
0.38159066
0.10493411
0.45661357
-0.09910924
0.14321491
0.019555178
0.28778112
-0.07873493
0.20034061
-0.36522803
-0.0085519925
-0.38822284
-0.37880924
-0.22433239
-0.09509435
0.5918811
0.029043352
-0.06599596
0.008534591
-0.13546847
-0.12570286
-0.18022287
-0.37959546
-0.10807971
-0.45382437
0.10159299
-0.14044857
-0.025902657
-0.29109895
0.071115136
-0.1966232
0.37303862
0.0071023772
0.387929
0.3818681
0.21910344
0.00042229984
-0.5999998
-0.034949817
0.064479396
-0.020424455
0.13489358
0.1125988
0.1835338
0.37865624
0.11122159
0.45215657
-0.10407761
0.13844305
0.03214171
0.29523316
-0.06338647
0.1912015
-0.38127786
-0.0061334088
-0.3876825
-0.3841904
-0.21405128
0.09310639
0.59209555
0.04196928
-0.0626563
0.03328
-0.13382734
-0.098251335
-0.18647571
-0.37654233
-0.1142443
-0.44944
0.106384374
-0.13452205
-0.03824438
-0.29766318
0.055524796
-0.18489566
0.38989693
0.004574701
0.38748294
0.3870195
0.2093662
-0.1831979
-0.5695791
-0.04749065
0.060535442
-0.04491942
0.13227522
0.08433212
0.18903393
0.37545887
0.11727032
0.44784108
-0.10870037
0.13136654
0.044186916
0.30095005
-0.04757549
0.17662026
-0.39879552
-0.003515184
-0.38733312
-0.38909706
-0.20481002
0.26444438
0.5358083
0.05407272
-0.058127377
0.057426013
-0.13024399
-0.069286376
-0.19119513
-0.37321392
-0.12018168
-0.44521093
0.11084399
-0.12633213
-0.049942013
-0.3025147
0.0395225
-0.16743039
0.40788916
0.0018901929
0.38723284
0.391767
0.20057823
-0.33825153
-0.49486145
-0.059089992
0.055443473
-0.06859611
0.12774329
0.054739203
0.1929451
0.37197232
0.123104
0.44369233
-0.11300489
0.12207187
0.0554875
0.30496663
-0.031405322
0.15602681
-0.41700992
-0.00078506116
-0.38718346
-0.39366934
-0.19643413
0.4032097
0.45008335
0.065123335
-0.052496966
0.080552176
-0.12478415
-0.039195683
-0.19427489
-0.36958075
-0.12591699
-0.4411578
0.114999555
-0.11598121
-0.060797684
-0.30568266
0.023217719
-0.14372881
0.42602777
-0.0008618118
0.3871848
0.3962359
0.19257674
-0.46251762
-0.40343973
-0.06953021
0.049301688
-0.09105578
0.12137931
0.02424933
0.19517426
0.3681636
0.12874888
0.43972737
-0.11701964
0.11067939
0.06585185
0.30730635
-0.014991703
0.12905848
-0.43470496
0.0019663232
-0.387237
-0.39801848
-0.18877167
0.5162185
0.3563558
0.074916214
-0.045873366
0.102283955
-0.117544025
-0.008443464
-0.19563867
-0.36560634
-0.13147803
-0.43729421
0.118880056
-0.10360703
-0.07062652
-0.30718562
0.006731465
-0.113622434
0.44286653
-0.003590173
0.38734022
0.4005269
0.18522052
-0.5660828
-0.3085234
-0.07862097
0.04222797
-0.11195212
0.11329262
-0.006644605
0.19566418
0.36399308
0.134234
0.4359565
-0.12077394
0.09734667
0.07510259
0.30798203
0.0015399528
0.095826015
-0.45022756
0.004647732
-0.38749278
-0.40223464
-0.18169075
0.611994
0.2604604
0.08327532
-0.038383387
0.12230343
-0.10864437
0.022457981
-0.1952507
-0.3612481
-0.13689473
-0.4336277
0.122515135
-0.089386545
-0.07925917
-0.30703157
-0.0098078195
-0.07756826
0.4565922
-0.0062038186
0.38769528
0.40472117
0.17838585
-0.65322787
-0.21093373
-0.08620153
0.03435727
-0.13099818
0.10361444
-0.037419822
0.19440173
0.35941422
0.13959019
0.43238422
-0.124297544
0.082271814
0.08307922
0.30699736
0.018059319
0.057208974
-0.46168628
0.0071695833
-0.38794428
-0.4063909
-0.17507504
0.6889672
0.16048795
0.09005484
-0.030169398
0.14035274
-0.09822566
0.052985277
-0.19312152
-0.35645518
-0.1421986
-0.4301599
0.12593392
-0.073537834
-0.08654481
-0.30521977
-0.026269693
-0.036904465
0.46534494
-0.008615593
0.38824072
0.40888622
0.17196345
-0.71638477
-0.108165294
-0.09214196
0.025838878
-0.1479662
0.09249325
-0.067562304
0.19142005
0.35437194
0.1448495
0.42901033
-0.12761931
0.065694556
0.08964099
0.30434686
0.03443674
0.015018759
-0.46738768
0.009447187
-0.38857964
-0.41054863
-0.16882154
0.7345067
0.05488237
0.095139794
-0.021386834
0.15623115
-0.086443536
0.082642935
-0.18930596
-0.3511682
-0.14742199
-0.42688897
0.1291658
-0.056320865
-0.09235343
-0.30174023
-0.04252695
0.006129232
0.467741
-0.010743616
0.38896218
0.41307774
0.16585569
-0.7404138
-0.0006966139
-0.09634288
0.016833836
-0.16268294
0.08009155
-0.09660431
0.18679334
0.34880263
0.1500444
0.42583087
-0.13076854
0.047896046
0.09466986
0.300016
0.05054835
-0.028164461
-0.4663866
0.011402706
-0.3893817
-0.41475856
-0.16283758
0.7348171
-0.05349681
0.09844593
-0.012201656
0.16978867
-0.073466636
0.110997185
-0.1838953
-0.34531894
-0.15259743
-0.42380902
0.13223964
-0.038035788
-0.09657946
-0.2965726
-0.05846035
0.048751768
0.463374
-0.012514841
0.3898396
0.41734236
0.15997395
-0.716974
0.10680819
-0.098735735
0.0075118924
-0.17502113
0.06658424
-0.1241529
0.1806264
0.34263268
0.15520705
0.42283827
-0.1337742
0.029195145
0.09807326
0.29397938
0.0662805
-0.06952401
-0.45885396
0.0129682375
-0.39032796
-0.41906235
-0.15703824
0.6897863
-0.15916625
0.09991959
-0.0027868347
0.18091689
-0.05947571
0.13769904
-0.17700452
-0.33882868
-0.15775669
-0.42091125
0.13518392
-0.019017102
-0.09914439
-0.2896856
-0.07396284
0.08828161
0.45297727
-0.013866696
0.39084804
0.421718
0.15423742
-0.6542199
0.20965026
-0.09928195
-0.0019513638
-0.18489073
0.052157782
-0.14990723
0.17304139
0.33577803
0.16036887
0.42002296
-0.13666438
0.00994079
0.099787734
0.28619987
0.081532784
-0.1066667
-0.44600576
0.01408741
-0.39139077
-0.42349446
-0.1513461
0.61311895
-0.2592084
0.09953698
0.006680387
0.18954019
-0.044663
0.16249487
-0.16875938
-0.33160797
-0.16293019
-0.41818503
0.13802706
0.00037508033
-0.10000027
-0.2810354
-0.08894083
0.12272257
0.43813404
-0.014749547
0.39195704
0.426236
0.14857134
-0.5673094
0.30729204
-0.09797262
-0.011377874
-0.19223046
0.037010133
-0.17366141
0.16416453
0.3281436
0.16555898
0.41737318
-0.1394674
-0.009498427
0.099780954
0.27662772
0.096217975
-0.13805898
-0.42965078
0.014718068
-0.3925371
-0.4280819
-0.14568885
0.51754844
-0.3551377
0.09730416
0.016021919
0.195608
-0.029231638
0.1852228
-0.15928398
-0.32355583
-0.16814582
-0.4156183
0.14079678
0.019767256
-0.09913078
-0.27056533
-0.10331346
0.15100873
0.42073813
-0.015128819
0.39313158
0.4309192
0.14290555
-0.46395916
0.40223184
-0.09482879
-0.020590292
-0.19700019
0.021349099
-0.19529617
0.15411595
0.31962234
0.17080331
0.41487622
-0.14221105
-0.028747115
0.0980529
0.2652011
0.110261075
-0.16307929
-0.41164646
0.014833849
-0.3937298
-0.43284395
-0.13999835
0.40480027
-0.44890335
0.09325718
0.025061907
0.1990887
-0.013394121
0.20580105
-0.1486927
-0.31455934
-0.17342725
-0.41319728
0.14352132
0.03878566
-0.0965524
-0.25820804
-0.11701071
0.17289402
0.40251604
-0.014986549
0.39433235
0.4357836
0.13717364
-0.34002393
0.4937465
-0.08990147
-0.029415103
-0.19917665
0.0053913267
-0.21476439
0.14300402
0.3100949
0.17612311
0.4125175
-0.1449237
-0.04743678
0.094636306
0.25184876
0.12359581
-0.18179278
-0.3935289
0.014425689
-0.3949281
-0.43779212
-0.13420995
0.2664338
-0.53483087
0.08746247
0.03362986
0.19996534
0.0026298142
0.22421071
-0.13708697
-0.30449313
-0.17879257
-0.41090703
0.14622922
0.057070147
-0.09231362
-0.24388866
-0.12996832
0.18866839
0.3847787
-0.0143224355
0.39551696
0.44083604
0.13131273
-0.18540372
0.56883514
-0.08327188
-0.03768564
-0.19874972
-0.010641459
-0.23207195
0.13092363
0.29943013
0.1815329
0.41028172
-0.14763407
-0.06521927
0.089594975
0.23649515
0.13615857
-0.19465166
-0.37637836
0.013502729
-0.39608824
-0.44292873
-0.12826248
0.0954804
-0.59168804
0.080016784
0.041563876
0.19823393
0.018616982
0.24047653
-0.12455546
-0.29322028
-0.1842522
-0.40873218
0.14894933
0.074286066
-0.086493015
-0.22753197
-0.14212193
0.19887643
0.3683832
-0.013155144
0.39664167
0.44607413
0.12526317
-0.0020164214
0.5999978
-0.07505188
-0.04524552
-0.1957213
-0.026526114
-0.24725957
0.117958464
0.2874857
0.1870379
0.40815276
-0.15037145
-0.08177644
0.083021365
0.21906962
0.14788313
-0.20225187
-0.36084998
0.012093141
-0.39716655
-0.44824594
-0.122097544
-0.09271853
-0.5922841
0.071047805
0.0487135
0.1939026
0.03434529
0.25464964
-0.11117752
-0.28059444
-0.1898056
-0.4066557
0.15171126
0.09013293
-0.0791963
-0.2090738
-0.15340157
0.20412326
0.35380745
-0.011521738
0.3976625
0.4514841
0.11896774
0.18168858
0.5698524
-0.06538421
-0.051950853
-0.19010572
-0.042042404
-0.26038638
0.104185194
0.2741119
0.19263148
0.40611374
-0.15316588
-0.09682815
0.07503385
0.19951889
0.15869412
-0.20518638
-0.34727213
0.010243088
-0.39812002
-0.4537239
-0.11566008
-0.2641934
-0.5362273
0.06071401
0.054942477
0.18699269
0.04959698
0.2667927
-0.097028725
-0.26646298
-0.1954391
-0.40466076
0.15454625
0.10435033
-0.07055355
-0.18847491
-0.16372527
0.20496851
0.3412548
-0.009477247
0.39853853
0.45704028
0.11237385
0.337012
0.49534053
-0.054442048
-0.05767359
-0.18193129
-0.056976218
-0.27151698
0.08967969
0.25915462
0.19829218
0.4041466
-0.15604971
-0.11013547
0.06577356
0.17782341
0.16850293
-0.20397398
-0.33574665
0.00801629
-0.3989097
-0.45933032
-0.10889965
-0.40295607
-0.45050284
0.049203534
0.06013137
0.17754152
0.064162195
0.2769692
-0.082186535
-0.2506724
-0.20112239
-0.40272862
0.15748695
0.11671973
-0.060716134
-0.16573867
-0.17299646
0.2018841
0.33074656
-0.0070929294
0.39923295
0.46270275
0.10543296
0.4616422
0.40405715
-0.042427115
-0.06230362
-0.1712444
-0.071122594
-0.28071323
0.07452287
0.24246351
0.20397985
0.4022324
-0.15905638
-0.121501595
0.05540102
0.154016
0.17720492
-0.19903988
-0.3262316
0.0054915715
-0.39950186
-0.4650174
-0.10177034
-0.5158159
-0.35669234
0.03673212
0.06417994
0.16560708
0.077841274
0.28523654
-0.0667362
-0.23307765
-0.20680474
-0.40084016
0.16056857
0.12706396
-0.049853083
-0.14093114
-0.1811029
0.19525006
0.3221915
-0.0044543133
0.39971593
0.46841642
0.09810239
0.56555605
0.30923453
-0.029567543
-0.06575117
-0.15811487
-0.08428752
-0.28802842
0.058805097
0.22390123
0.20963249
0.40035123
-0.16222261
-0.13076988
0.044093665
0.1282016
0.18468173
-0.19072217
-0.318597
0.0027600261
-0.39987078
-0.4707225
-0.094233155
-0.6114335
-0.2607511
0.02353959
0.06700963
0.15127483
0.090445966
0.2916423
-0.050774213
-0.2135526
-0.21241212
-0.39897466
0.163829
0.13524486
-0.038149472
-0.11419851
-0.1879208
0.1853685
0.3154302
-0.0016572875
0.39996624
0.47410968
0.090347104
0.6530059
0.21169159
-0.016113056
-0.06794917
-0.14264403
-0.09628818
-0.29350522
0.042629406
0.20335758
0.21516423
0.39848125
-0.16558816
-0.13782087
0.032043345
0.10057287
0.19080637
-0.17929189
-0.31266055
-7.848779e-05
-0.40000015
-0.47636586
-0.08625752
-0.68836546
-0.16082679
0.00988489
0.0685651
0.13466594
0.101799116
0.29622284
-0.03441044
-0.19200642
-0.21784575
-0.3971091
0.16730991
0.14115965
-0.02580315
-0.08578033
-0.19332258
0.17248666
0.31026366
0.0011956551
0.3999726
0.47969532
0.082141146
0.71644855
0.1088849
-0.002329612
-0.068854466
-0.12497323
-0.10695362
-0.29717413
0.026111955
0.18076645
0.22046348
0.39659822
-0.16919625
-0.14256886
0.01945342
0.07141867
0.19545405
-0.1649777
-0.30821022
-0.0029194583
-0.39988407
-0.48185235
-0.07782307
-0.73403865
-0.055367112
-0.003960396
0.068815805
0.11594607
0.111736394
0.29900262
-0.017767241
-0.16840146
-0.22298181
-0.3952186
0.17105708
0.1447376
-0.0130223995
-0.0560133
-0.1971896
0.15682289
0.30647013
0.003999139
0.3997348
0.48507044
0.07347047
0.7407565
0.001274663
0.011507477
-0.06844934
-0.105292805
-0.11612574
-0.29905528
0.009380778
0.156124
0.22539519
0.3946761
-0.1730958
-0.14495847
0.0065360707
0.041122813
0.19851594
-0.14799279
-0.30501756
-0.0056581893
-0.3995279
-0.48707214
-0.06892282
-0.73460495
0.052839506
-0.017719213
0.067756824
0.09533404
0.12010667
0.2999966
-0.0009774367
-0.14277223
-0.22767492
-0.39327526
0.17512195
0.14593762
-2.2352244e-05
-0.025322882
-0.19942608
0.13859281
0.3038175
0.0066503077
0.3992637
0.49011907
0.06433527
0.7175266
-0.1064029
0.0251217
-0.066741794
-0.08384936
-0.12366123
-0.2991585
-0.007428122
0.12950893
0.22980607
0.3926843
-0.17734097
-0.14496267
-0.0064914366
0.010147912
0.19991234
-0.12855984
-0.3028482
-0.008194527
-0.39894745
-0.49190494
-0.059564337
-0.68985945
0.15841393
-0.031117177
0.06540911
0.07310721
0.12677549
0.2992098
0.015820429
-0.11524414
-0.2317661
-0.39124677
0.17956235
0.144746
0.012978088
0.005799281
-0.19997202
0.11803434
0.30207175
0.009052623
0.3985797
0.49471718
0.054751404
0.65482205
-0.20934671
0.03824244
-0.06376534
-0.06094981
-0.12943546
-0.29748434
-0.024175432
0.10109792
0.23353425
0.3905885
-0.18199362
-0.14258137
-0.01940958
-0.020993114
0.19960469
-0.106934875
-0.30147088
-0.010436902
-0.39816773
-0.49622416
-0.04977231
-0.6134836
0.2584636
-0.043889996
0.061818473
0.049602926
0.1316294
0.29663795
0.03248765
-0.0860457
-0.23509388
-0.38909605
0.18444414
0.1411762
0.025759911
0.03682893
-0.19881222
0.095427096
0.30100766
0.011120019
0.3977123
0.4987372
0.04475212
0.5678025
-0.30698654
0.05061284
-0.059578132
-0.036958724
-0.1333476
-0.29402402
-0.04072454
0.071173474
0.2364233
0.38834786
-0.18712403
-0.13784143
-0.032000907
-0.05177445
0.19760151
-0.08342366
-0.30066866
-0.012305648
-0.3972223
-0.4999037
-0.039588712
-0.51823884
0.3544648
-0.05578999
0.05705493
0.025212169
0.13458171
0.2922679
0.048890453
-0.05551148
-0.23751085
-0.38677907
0.18984291
0.13526933
0.038107984
0.06724887
-0.1959789
0.071107715
0.30041933
0.012780169
0.39669812
0.5020566
0.03438865
0.46428165
-0.4018523
0.061995555
-0.054261338
-0.012289191
-0.13532636
-0.2887588
-0.05694616
0.040120643
0.23833866
0.38591382
-0.19281353
-0.1307981
-0.044053394
-0.08169773
0.19395699
-0.05839283
-0.30025005
-0.013736715
-0.39614996
-0.5028272
-0.029073603
-0.40585676
0.44834405
-0.06659217
0.051210478
0.00036719925
0.13557759
0.28607586
0.06490493
-0.024071166
-0.23889989
-0.3842427
0.19584623
0.12709604
0.04981417
0.096587464
-0.19154648
0.04547383
0.30013314
0.013977199
0.39557797
0.5045666
0.023729071
0.34025437
-0.4933048
0.07217794
-0.047917478
0.012612946
-0.13533442
-0.28165916
-0.07272265
0.008408871
0.23918436
0.3832276
-0.19915636
-0.12153728
-0.055363655
-0.110326685
0.18876262
-0.03226904
-0.30006215
-0.01468285
-0.39499298
-0.5048952
-0.018302778
-0.26782662
0.5344394
-0.07609789
0.044397656
-0.024477461
0.13459805
0.27802703
0.08041986
0.007775135
-0.23918994
-0.38142195
0.20255536
0.11675906
0.060680483
0.12444878
-0.18562071
0.018980257
0.3000195
0.014672748
0.3943952
0.50617915
0.0128567945
0.18572016
-0.568493
0.08097531
-0.040668167
0.03729039
-0.13337177
-0.272684
-0.087949425
-0.02344019
0.23891644
0.38021636
-0.2062616
-0.110178195
-0.06573984
-0.13731122
0.18213482
-0.005529999
-0.30000186
-0.015115149
-0.39379564
-0.5060333
-0.00736551
-0.09705715
0.59154016
-0.0841375
0.036746357
-0.048867427
0.13166162
0.26807526
0.09533722
0.039494894
-0.23836607
-0.3782359
0.21008864
0.10439632
0.07052189
0.15053013
-0.17832495
-0.007876528
0.3000036
0.01484691
0.39319393
0.50683534
0.001866202
0.0024399199
-0.5999931
0.08823271
-0.032651447
0.06129701
-0.1294753
-0.2617813
-0.1025349
-0.054893542
0.2375487
0.3767886
-0.21425752
-0.09687719
-0.075004324
-0.16239826
0.17420064
0.021315478
-0.3000248
-0.015023251
-0.39260122
-0.5061996
0.0036398103
0.09113951
0.5924251
-0.09057199
0.028402133
-0.072370514
0.12682289
0.25616407
0.109570704
0.07056558
-0.2364712
-0.37458217
0.21858461
0.09018494
0.079169005
0.17462586
-0.16978653
-0.03458176
0.30007246
0.0144988075
0.39201677
0.5065106
-0.009141868
-0.18136823
-0.5701889
0.09382612
-0.024019279
0.08421869
-0.12371626
-0.24888997
-0.116397195
-0.08545038
0.23515128
0.37282836
-0.22329402
-0.08183111
-0.08299652
-0.18542925
0.16508491
0.047753282
-0.30014995
-0.014415666
-0.39145124
-0.50538784
0.014611576
0.2627937
0.5366138
-0.09529294
0.019522944
-0.0945961
0.1201684
0.24223027
0.12304203
0.10051664
-0.23360041
-0.3703299
0.22820586
0.074343234
0.08647064
0.1966196
-0.1601256
-0.060628593
0.3002757
0.013645599
0.39090353
0.50521755
-0.020065421
-0.33678114
-0.49578252
0.0976623
-0.01493488
0.10568993
-0.11619522
-0.23394504
-0.12946013
-0.11467904
0.23184024
0.36818588
-0.23354664
-0.06527861
-0.08957523
-0.20632803
0.15490182
0.07328984
-0.30045664
-0.013318111
-0.39038318
-0.50362843
0.025449494
0.40189055
0.45105904
-0.098222844
0.010276241
-0.115207136
0.11181133
0.22621045
0.13567586
0.12896092
-0.22988743
-0.36530918
0.23914206
0.05713155
0.09229665
0.21646973
-0.1494487
-0.085543096
0.30072105
0.012320946
0.38988903
0.50300324
-0.030807212
-0.46132255
-0.40443864
0.09967874
-0.0055693183
0.12540245
-0.10703656
-0.21688622
-0.14164743
-0.14224294
0.22776265
0.36266607
-0.24522027
-0.04749988
-0.09462218
-0.22508346
0.14375044
0.09747484
-0.30107895
-0.011771889
-0.38942975
-0.500985
0.036060736
0.5151162
0.35736325
-0.099314384
0.0008361475
-0.1339266
0.10188604
0.20805171
0.1473935
0.1556137
-0.22548847
-0.35929665
0.2516141
0.03885012
0.09654115
0.23418917
-0.13784695
-0.10890323
0.30156544
0.010573419
0.38900426
0.49994677
-0.04127971
-0.5650655
-0.30954164
0.09984266
0.003901044
0.14310814
-0.09638332
-0.19767018
-0.15287654
-0.1679115
0.22307989
0.3560106
-0.25855154
-0.028812578
-0.09804463
-0.24172986
0.13171443
0.11991557
-0.3021941
-0.0098328795
-0.3886194
-0.49754912
0.046364386
0.61106044
0.26149565
-0.09854985
-0.008619784
-0.15053606
0.09054346
0.18772556
0.15810753
0.18029645
-0.22056556
-0.351996
0.26587453
0.019833528
0.09912542
0.24982789
-0.12539712
-0.13034812
0.30300286
0.008465088
0.3882742
0.4961508
-0.05140926
-0.6524034
-0.21199486
0.09815152
0.013298004
0.15861519
-0.08439339
-0.17628615
-0.16305402
-0.19155736
0.21795122
0.34787548
-0.2738079
-0.00956521
-0.099778555
-0.25632924
0.11886516
0.14028116
-0.30400974
-0.0075685787
-0.3879746
-0.49343276
0.05629499
0.68828464
0.1615811
-0.09594163
-0.017913422
-0.16487049
0.07794825
0.16524483
0.1677185
0.20292869
-0.21527223
-0.3430095
0.2822047
0.00044196693
0.10000083
0.263455
-0.11216638
-0.14957681
0.3052523
0.0060684374
0.38771924
0.49173447
-0.06113881
-0.7158915
-0.10928795
0.094632685
0.022444643
0.17178093
-0.07123761
-0.15277381
-0.1720732
-0.21314424
0.2125221
0.33779797
-0.2912801
0.009874106
-0.09979128
-0.26895565
0.10526743
0.15829591
-0.3067526
-0.0050562327
-0.38751268
-0.4887597
0.06580415
0.73424333
0.05602906
-0.09153181
-0.026869878
-0.17680934
0.06427725
0.1406827
0.176113
0.22351252
-0.2097439
-0.331801
0.30089962
-0.018951021
0.09915087
0.27514568
-0.0982183
-0.16633694
0.30854535
0.0034645468
0.38735408
0.48682404
-0.07042877
-0.74040717
-0.0018500811
0.089343354
0.03116867
0.18250303
-0.057098605
-0.1272431
-0.17981493
-0.2327087
0.2069169
0.3251538
-0.31125894
0.029129885
-0.09808267
-0.2796847
0.09098504
0.17372517
-0.31065667
-0.002380402
-0.38724604
-0.4836568
0.074861534
0.7350679
-0.05234914
-0.08539263
-0.035320275
-0.1862679
0.04971879
0.11419113
0.18316764
0.24211316
-0.20409246
-0.31764713
0.32223403
-0.03797175
0.09659169
0.28497276
-0.0836185
-0.1804079
0.31311637
0.0007408131
0.3871882
0.48154572
-0.07925774
-0.71745646
0.10568378
0.0823713
0.0393054
0.19071037
-0.04217035
-0.09988945
-0.1861531
-0.25034085
0.2012351
0.30910572
-0.3339845
0.047833465
-0.09468491
-0.28858534
0.076087154
0.18635419
-0.3159539
0.00036969606
-0.38718134
-0.47824746
0.083453946
0.6904605
-0.15807088
-0.07762693
-0.04310468
-0.19318855
0.03447244
0.08601293
0.18875678
0.25884035
-0.19840473
-0.29958317
0.3463891
