0.0049999333
-0.099834986
0.021597954
-0.19940332
0.0274144
-0.2996047
0.016307004
-0.40014505
-0.01738715
-0.49922478
-0.08064969
-0.5925008
-0.11437155
-0.0065702954
-0.21298784
-0.010828154
-0.3113902
-0.011659548
-0.40957078
-0.007635788
-0.5072095
0.0024049457
-0.036940906
0.09873735
-0.059186876
0.19819294
-0.05358807
0.2997414
-0.009206378
0.4007705
0.08126868
0.49388802
0.22216344
0.56566447
0.09749982
0.01297191
0.19624297
0.02128248
0.29656944
0.022842357
0.39830813
0.014916439
0.5003059
-0.0046797
0.04142229
-0.096166685
0.0799501
-0.19441208
0.080258526
-0.29787976
0.025261391
-0.40108755
-0.09756487
-0.4863692
-0.29820958
-0.5251691
-0.10937278
-0.019414874
-0.20543545
-0.032162257
-0.3044838
-0.034889948
-0.40619168
-0.023038872
-0.50779897
0.0073086848
-0.07254846
0.09318571
-0.11654331
0.19153515
-0.10541827
0.29831076
-0.01754968
0.40215245
0.15448658
0.4737465
0.4068105
0.47619793
0.090106644
0.025370851
0.18505456
0.041957475
0.28625366
0.04553299
0.39316708
0.030096073
0.50123036
-0.009540987
0.07564313
-0.088395126
0.13538395
-0.18494575
0.13046685
-0.29530755
0.033181425
-0.40264407
-0.16823637
-0.46201035
-0.4760079
-0.4254395
-0.09959191
-0.031378217
-0.19050278
-0.052512035
-0.29061887
-0.057814684
-0.3993002
-0.03881946
-0.50898826
0.012498504
-0.105241455
0.08366579
-0.1702658
0.18064755
-0.15389584
0.29628626
-0.024557922
0.4041109
0.21438394
0.44511613
0.54701424
0.36719704
0.07813767
0.036636926
0.1666983
0.06137719
0.26899686
0.06784164
0.3843877
0.045773026
0.5027911
-0.014778116
0.106196955
-0.07698184
0.18638952
-0.17185026
0.17666197
-0.29265177
0.0396191
-0.40477595
-0.22469637
-0.432163
-0.6003151
-0.3181281
-0.08545876
-0.041903123
-0.16856599
-0.07116852
-0.26973197
-0.080101855
-0.38863704
-0.05518026
-0.51079863
0.0181838
-0.13364424
0.07070373
-0.21902825
0.16646546
-0.1977547
0.29452685
-0.029820202
0.40658584
0.2590316
0.41380012
0.6415375
0.25605518
0.06211927
0.046240453
0.14165652
0.07883411
0.24477102
0.08939061
0.37166643
0.0621239
0.5050152
-0.020599913
0.13186602
-0.062541306
0.23199332
-0.15615988
0.21782267
-0.29087192
0.044194005
-0.4074138
-0.26544508
-0.40182436
-0.6722753
-0.21112579
-0.06761171
-0.0504776
-0.14025372
-0.087375425
-0.24182811
-0.10124772
-0.3738298
-0.072243646
-0.51325715
0.024592767
-0.15664801
0.0549576
-0.26206076
0.15004554
-0.23606834
0.29404762
-0.03300589
0.40948585
0.2887418
0.38392758
0.69339937
0.1519395
0.042774435
0.053707443
0.11067957
0.093576625
0.21365596
0.109611586
0.35460222
0.07923151
0.50793624
-0.027243333
0.15170923
-0.045769222
0.27174205
-0.13891606
0.25322515
-0.29100227
0.046615522
-0.41045102
-0.2911173
-0.3741171
-0.7056968
-0.10864574
-0.046877835
-0.05666866
-0.10649244
-0.10036941
-0.20708951
-0.1205585
-0.3544177
-0.09001173
-0.5163905
0.031993043
-0.17343047
0.037147783
-0.29909328
0.13240206
-0.26814738
0.29588968
-0.03389067
0.41268107
0.3048904
0.35783982
0.7147032
0.0561365
0.0210036
0.05864991
0.07482131
0.10486049
0.17595577
0.12774818
0.33272868
0.097042456
0.5115822
-0.034988243
0.16506293
-0.027374135
0.3056038
-0.12103815
0.28229836
-0.29405144
0.04670027
-0.41373894
-0.3033314
-0.35065678
-0.715817
-0.010643962
-0.024242787
-0.060155366
-0.06853169
-0.10945438
-0.16599841
-0.13717908
-0.32989556
-0.1083246
-0.520214
0.04069874
-0.18344378
0.017998528
-0.33024457
0.11438543
-0.29337892
0.30103004
-0.03237246
0.41600087
0.30918208
0.3366125
0.71655154
-0.03581745
-0.0021557536
0.060799174
0.03545248
0.11203708
0.13230436
0.14290388
0.30556887
0.11532363
0.5159655
-0.04416816
0.17151485
-0.008045863
0.3338402
-0.10323891
0.30445182
-0.30093396
0.044393763
-0.41708633
-0.30392754
-0.3320887
-0.7095104
0.0868262
-0.0008005852
-0.060754094
-0.027918229
-0.114097
-0.11943885
-0.15018466
-0.2997833
-0.12681858
-0.52471423
0.051091388
-0.18638311
-0.0017815378
-0.3558878
0.09662549
-0.31104335
0.31031278
-0.02849044
0.41923556
0.30325767
0.3205253
0.70020896
-0.13027404
-0.025582178
0.060031705
-0.005791223
0.11464719
0.08375979
0.15415685
0.27270657
0.13362609
0.52105546
-0.05518825
0.17087688
0.011551525
0.35688895
-0.08600378
0.31891274
-0.312415
0.03978189
-0.42026645
-0.29456097
-0.31844813
-0.68232137
0.1881442
0.022308605
-0.058438525
0.013593864
-0.11401484
-0.06875587
-0.15871692
-0.26372257
-0.14489843
-0.5298127
0.06363581
-0.18216193
-0.0215002
-0.37652984
0.07952277
-0.3201536
0.32438698
-0.022434905
0.4221519
0.2884941
0.30936193
0.65626806
-0.23240858
-0.048136923
0.056382254
-0.047109928
0.11250548
0.03182615
0.16070722
0.23388909
0.15127015
0.526735
-0.068547904
0.16316639
0.030761123
0.37526104
-0.069600895
0.32460177
-0.3290499
0.033099286
-0.423037
-0.27655464
-0.30937353
-0.6202721
0.2944033
0.04396652
-0.053341627
0.05417888
-0.10923066
-0.015711358
-0.16215263
-0.22159292
-0.1617454
-0.53531504
0.07890038
-0.17090546
-0.0404607
-0.3927138
0.06327365
-0.31934515
0.34363315
-0.014547878
0.42451218
0.26595694
0.30258346
0.5717469
-0.3425345
-0.06872937
0.050043393
-0.08669292
0.10573602
-0.021615135
0.16203499
0.18914337
0.16736332
0.532733
-0.08485901
0.1486115
0.048916414
0.3894674
-0.054118596
0.32007834
-0.35108548
0.024729908
-0.4251637
-0.25090685
-0.304224
-0.50810635
0.40213245
0.063142024
-0.045740318
0.09209738
-0.10006487
0.0376638
-0.16023444
-0.1736495
-0.17636636
-0.54082036
0.09757418
-0.15295938
-0.057953626
-0.40495372
0.04790855
-0.3068639
0.36804628
-0.0053095166
0.4261088
0.236449
0.29943398
0.4414294
-0.45312965
-0.08638307
0.041344173
-0.12286782
0.09474598
-0.07449575
0.15801658
0.1389057
0.18088011
0.5385068
-0.10486788
0.12766743
0.06532256
0.39996773
-0.039505485
0.3035946
-0.37828794
0.015186296
-0.42645755
-0.21839227
-0.30216518
-0.34138408
0.5047072
0.078945145
-0.03602689
0.12582713
-0.087076046
0.089309715
-0.15313286
-0.12063709
-0.1877121
-0.5455779
0.120474376
-0.12891927
-0.073252864
-0.41368884
0.033335518
-0.28070906
0.3970288
0.004693552
0.42679003
0.20063156
0.29901
0.26652068
-0.5491626
-0.100280605
0.030722467
-0.15421954
0.08015804
-0.12480357
0.14895357
0.08411889
0.19078791
0.5430649
-0.12945911
0.10104525
0.07927053
0.40713835
-0.025612272
0.27328876
-0.4096406
0.00507624
-0.42679644
-0.17972201
-0.30223894
-0.1306258
0.5827846
0.09066295
-0.024680762
0.1541438
-0.070970856
0.1373805
-0.1414056
-0.06384604
-0.19483876
-0.5482768
0.1485196
-0.099657446
-0.08564353
-0.41925797
0.01937406
-0.23903415
0.4290274
0.014812484
0.42648768
0.15918675
0.3003281
0.050613757
-0.59932536
-0.10979601
0.018692339
-0.17964984
0.06271156
-0.17081726
0.135505
0.026261546
0.19622347
0.5447199
-0.15963194
0.0697361
0.090072565
0.41125318
-0.012224374
0.22757122
-0.44285035
-0.0049434155
-0.4261514
-0.13571316
-0.30344313
0.0985505
0.5947932
0.09778134
-0.012233797
0.17613816
-0.05250603
0.18041895
-0.12587525
-0.005054889
-0.1970962
-0.5467549
0.18264753
-0.06633319
-0.09448572
-0.42188978
0.005793145
-0.18092117
0.46093237
0.024388708
0.42522815
0.11297315
0.30240223
-0.17762975
-0.5703389
-0.11451059
0.0058145314
-0.19837654
0.043173205
-0.21124305
0.11854238
-0.032760564
0.19666865
0.5407997
-0.19640785
0.035006274
0.09713654
0.41247615
0.0009122656
0.16585581
-0.4737146
-0.014221204
-0.42458662
-0.08743146
-0.3048345
0.30705082
0.53133535
0.09999346
0.000753922
0.1911923
-0.032415967
0.21741655
-0.107467346
0.053676665
-0.19427362
-0.5376911
0.22363237
-0.030366022
-0.09928423
-0.42169392
-0.007671769
-0.107609876
0.4875534
0.032811098
0.42312846
0.06314818
0.30435205
-0.38071182
-0.484115
-0.11422035
-0.0073249233
-0.20989576
0.022278452
-0.24524385
0.09899019
-0.090859056
0.19207188
0.5274629
-0.24061841
-0.0016416442
0.100035794
0.41085637
0.014068311
0.08981203
-0.49605393
-0.022167033
-0.42225072
-0.03626369
-0.305656
0.4726027
0.43041733
0.09720688
0.01370767
0.1989316
-0.011379461
0.24778041
-0.08706596
0.11030942
-0.18665096
-0.51644945
0.27179915
0.006637351
-0.09976225
-0.4186628
-0.021291101
-0.023765657
0.50231266
0.039563037
0.42037922
0.011197392
0.30552772
-0.5363387
-0.37959638
-0.10893768
-0.020133695
-0.21393183
0.00071293936
-0.27237776
0.0776879
-0.14607278
0.18286335
0.49989882
-0.2925429
-0.038558383
0.09857883
0.40632835
0.02751242
0.0047095534
-0.5036241
-0.028297488
-0.4193525
0.016126283
-0.30546138
0.59334195
0.3189414
0.089538865
0.026056672
0.19917917
0.009978155
0.2712388
-0.06540917
0.16311482
-0.17492825
-0.4773955
0.32671005
0.04299542
-0.09590492
-0.4126686
-0.035324503
0.06254704
0.5003954
0.044257782
0.41721004
-0.041153803
0.30561754
-0.63707805
-0.2717403
-0.09889165
-0.032029916
-0.21039356
-0.020873414
-0.2924883
0.05530895
-0.19683518
0.16985281
0.45314273
-0.35142
-0.074068114
0.0928434
0.3987125
0.041494526
-0.08095091
-0.49401
-0.03226496
-0.41612536
0.067948416
-0.3041932
0.66850656
0.210143
0.077319324
0.037241045
0.19192995
0.031054674
0.28772777
-0.04304263
0.21086088
-0.1600717
-0.4149025
0.3869201
0.07708273
-0.0879612
-0.40346763
-0.049999
0.1423336
0.4823117
0.046653543
0.4138645
-0.09211806
0.3047176
-0.6903734
-0.16636567
-0.08452471
-0.042455964
-0.1993605
-0.041832928
-0.30558273
0.032337017
-0.24211094
0.15405788
0.38312748
-0.41486737
-0.10659835
0.08315819
0.38772005
0.056220934
-0.15841603
-0.47055107
-0.03387334
-0.41280437
0.11749248
-0.30219987
0.7054979
0.109879285
0.06108706
0.046733934
0.17734808
0.051226802
0.2972818
-0.02032651
0.25285134
-0.14312959
-0.3248333
0.4493756
0.10744422
-0.0763998
-0.39070615
-0.06548325
0.20908247
0.45349187
0.046656866
0.41057023
-0.14005218
0.3033077
-0.7122528
-0.066106535
-0.066486456
-0.050902836
-0.18109524
-0.061482552
-0.31172553
0.009088067
-0.2813991
0.136518
0.28708538
-0.47766796
-0.13478328
0.07005858
0.37296188
0.071831465
-0.22179237
-0.43970332
-0.033076793
-0.40960065
0.16330202
-0.30015674
0.7175375
0.016466573
0.041576583
0.05406424
0.15579323
0.069820516
0.29995504
0.0025225622
0.28885844
-0.1250782
-0.20634632
0.5069759
0.1328723
-0.061841734
-0.37393254
-0.081857145
0.26005742
0.42048264
0.044319447
0.40752038
-0.18360025
0.3021682
-0.71511364
0.031064585
-0.045615204
-0.056944977
-0.15608476
-0.07909045
-0.310964
-0.01422989
-0.31463638
0.11815565
0.16416362
-0.5287813
-0.15752628
0.054206233
0.353969
0.08835883
-0.26883063
-0.40729925
-0.029972197
-0.40668672
0.20425117
-0.29896024
0.71209025
-0.07578346
0.019696468
0.058851074
0.12786792
0.0861045
0.29576617
0.025356323
0.31900176
-0.10671483
-0.06505098
0.54486054
0.15243992
-0.04498255
-0.35262647
-0.09906718
0.29527014
0.38818783
0.03981906
0.40486532
-0.22172377
0.3022524
-0.7010227
0.12976803
-0.022903696
-0.06026943
-0.1250915
-0.093889885
-0.30329293
-0.037439387
-0.3420723
0.09968675
0.020132262
-0.5505829
-0.17401853
0.03632171
0.33022723
0.105693765
-0.29989418
-0.37709495
-0.024781844
-0.4041943
0.23950288
-0.29959917
0.68549836
-0.1730926
-0.003508212
0.060834296
0.09445925
0.099320285
0.28468722
0.04801872
0.3436247
-0.08861248
0.08387765
0.54590696
0.16549478
-0.02653144
-0.32624367
-0.116892695
0.31608275
0.3594628
0.033444006
0.4027141
-0.25362253
0.30456278
-0.66090256
0.2333663
0.0005497728
-0.060698878
-0.089193664
-0.10513571
-0.28865573
-0.060312692
-0.36413446
0.08159687
-0.12794611
-0.5322127
-0.18372266
0.017129786
0.3012296
0.12353915
-0.31663376
-0.35108092
-0.017831216
-0.4022163
0.26838487
-0.30305383
0.625449
-0.27906078
-0.026914813
0.059898358
0.056772817
0.10875631
0.26666158
0.07026473
0.36318195
-0.07111414
0.2202715
0.50925
0.17163497
-0.0071778465
-0.29428944
-0.13490094
0.3243231
0.33567727
0.02557164
0.40113497
-0.27858678
0.31004858
-0.57877237
0.34087604
0.023604713
-0.05821874
-0.049786527
-0.11219805
-0.2669917
-0.08250122
-0.38132507
0.06415128
-0.26069376
-0.48352015
-0.18634486
-0.0026617097
0.26655698
0.1413765
-0.32105872
-0.33011645
-0.009529846
-0.40081152
0.2902277
-0.31021518
0.5212347
-0.39074755
-0.049384683
0.05608799
0.01631224
0.11384136
0.24166805
0.09169844
0.37815416
-0.054364983
0.33175996
0.4512314
0.17068158
0.012415607
-0.25642008
-0.15242918
0.3218062
0.31728017
0.016647985
0.40016893
-0.29582712
0.3195289
-0.44278154
0.44748253
0.045146614
-0.052969366
-0.008527513
-0.114651196
-0.23832034
-0.103482045
-0.39413533
0.047426924
-0.36715767
-0.42251834
-0.18180816
-0.02236155
0.22598192
0.15846261
-0.31502965
-0.31437305
-0.00034723047
-0.40001744
0.30421004
-0.3218224
0.37164044
-0.4974968
-0.06983396
0.0496037
-0.025194107
0.11423657
0.20980695
0.111729674
0.38898152
-0.038347963
0.4163359
0.38722977
0.16266137
0.03159349
-0.21256252
-0.16860047
0.31008422
0.30415842
0.0071666697
0.3998343
-0.30431888
0.33362103
-0.25498635
0.5434323
0.06415117
-0.045234688
0.03277707
-0.1123515
-0.20285171
-0.12253999
-0.40298977
0.03136044
-0.44500652
-0.36048645
-0.17024614
-0.04127315
0.17958689
0.17385592
-0.30004412
-0.30358073
0.009208319
-0.3998526
0.30923742
-0.33838898
0.17780843
-0.5789893
-0.087292306
0.04078079
-0.065922976
0.109899454
0.17141204
0.12958223
0.3960233
-0.022931771
0.4759225
0.3253211
0.14781187
0.049685854
-0.16304988
-0.18238612
0.29035473
0.29584506
-0.0023527371
0.4001348
-0.3027065
0.35265732
-0.032222144
0.5982493
0.079737104
-0.035413742
0.07232194
-0.10546371
-0.16110554
-0.13880669
-0.40820932
0.015785974
-0.49677625
-0.30230364
-0.15201536
-0.058683734
0.12789333
0.1865048
-0.27720416
-0.29716787
0.018613722
-0.40032277
0.30390438
-0.36009386
-0.04858649
-0.5967208
-0.100953035
0.0300633
-0.10410766
0.10109261
0.12716125
0.14435188
0.39953175
-0.007907664
0.5138422
0.2692554
0.12659909
0.06599805
-0.1087292
-0.19273494
0.26347977
0.2916344
-0.011389421
0.40106112
-0.28930622
0.37655637
0.19295406
0.5747987
0.09120244
-0.023989454
0.10845616
-0.094431795
-0.114016905
-0.15135778
-0.40999576
0.00047727962
-0.52743775
-0.25018355
-0.12772262
-0.07386811
0.071950756
0.19539125
-0.24730143
-0.29434717
0.027353719
-0.40142125
0.28655288
-0.38659877
-0.26974976
-0.53744674
-0.11020132
0.017968034
-0.13818702
0.088335246
0.07816043
0.15512174
0.39963672
0.0069756843
0.5346543
0.22063161
0.09974558
0.07981957
-0.051001117
-0.19874445
0.2300932
0.2906554
-0.019440955
0.40259057
-0.26227787
0.4045978
0.3837181
0.4904175
0.098044224
-0.011494997
0.13979007
-0.07989402
-0.06298017
-0.15935299
-0.40841997
-0.01482331
-0.54278743
-0.20510618
-0.0982539
-0.086114265
0.013338117
0.1997092
-0.21096459
-0.29417893
0.03494237
-0.40312564
0.2554877
-0.4167298
-0.45425034
-0.44008854
-0.114631444
0.005059633
-0.16688971
0.07231654
0.025963824
0.16111441
0.39634383
0.02198299
0.54339176
0.17969896
0.068256356
0.0904678
0.008279368
-0.19984916
0.19075277
0.29192224
-0.026048629
0.40468353
-0.22005649
0.43505067
0.5301529
0.38282362
0.09996966
0.0015064392
0.16524798
-0.06259212
-0.009797323
-0.16220203
-0.40341917
-0.03037359
-0.5481118
-0.16714723
-0.064780965
-0.09478542
-0.04597929
0.19903487
-0.16883703
-0.2956334
0.040947523
-0.40539086
0.20939602
-0.44799918
-0.58630615
-0.33320794
-0.11405128
-0.008077134
-0.18926753
0.05379778
-0.027517945
0.16184978
0.38952914
0.037368003
0.5445095
0.1458864
0.03340845
0.09735425
0.06703283
-0.19594659
0.14611325
0.2944025
-0.030819032
0.4072751
-0.16215442
0.46462354
0.6310953
0.27126914
0.096896246
0.01444187
0.18406126
-0.043279693
0.043485522
-0.15969566
-0.3948007
-0.046403993
-0.5474835
-0.13574877
-0.028733581
-0.09939705
-0.103917524
0.19342689
-0.121752575
-0.297676
0.045007452
-0.4081402
0.14812066
-0.47609693
-0.66493934
-0.22584467
-0.10848598
-0.02085028
-0.20467487
0.03353728
-0.080209374
0.15725267
0.3789482
0.05334279
0.54134095
0.11824484
-0.0032866127
0.10006287
0.12327088
-0.18742177
0.09708658
0.2970979
-0.033446718
0.4102631
-0.09033655
0.4881564
0.68832254
0.16591525
0.08895482
0.026738688
0.19573116
-0.02266671
0.09482097
-0.15205069
-0.38224918
-0.06308415
-0.54369015
-0.11003676
0.008276311
-0.09968168
-0.15859014
0.18341662
-0.07086091
-0.2993799
0.046857916
-0.4112563
0.073866725
-0.49512628
-0.7027189
-0.122620665
-0.09817646
-0.032677025
-0.21271983
0.01224716
-0.13012029
0.14766866
0.3642472
0.07004449
0.5361001
0.095744506
-0.04017582
0.098413885
0.1753756
-0.17505594
0.044934466
0.29916564
-0.03373498
0.41350752
-0.009627322
0.4996605
0.71306837
0.06913543
0.076487325
0.03783962
0.19998115
-0.001405688
0.14239964
-0.1398603
-0.36534584
-0.08048532
-0.53848886
-0.089064784
0.044567645
-0.09563664
-0.20855369
0.16988392
-0.017657531
-0.30006298
0.04634483
-0.41457906
-0.007771058
-0.4997434
-0.71542954
-0.024172474
-0.08357805
-0.0430014
-0.21321844
-0.009407001
-0.17557204
0.13378765
0.34498978
0.08749822
0.5301389
0.077428706
-0.075586446
0.0924938
0.22224942
-0.1598554
-0.008749337
0.3000493
-0.0316161
0.41682675
0.07208791
0.49540234
0.71728885
-0.022983234
0.060043573
0.047219682
0.19671753
0.019895703
0.18481262
-0.123967074
-0.34360263
-0.09854044
-0.53291625
-0.0719523
0.07851927
-0.087520294
-0.2529131
0.15387498
0.03610847
-0.29940394
0.043448176
-0.41790664
-0.08859659
-0.48856682
-0.7114229
0.073075525
-0.0653515
-0.051320862
-0.20615886
-0.030782694
-0.21532151
0.11649393
0.3206974
0.10557019
0.52423036
0.062471833
-0.107950695
0.08264444
0.26332897
-0.14287469
-0.062170494
0.29957724
-0.027167156
0.42000416
0.14658093
0.47664672
0.7038424
-0.1167199
0.0403694
0.05441302
0.18601218
0.040629692
0.22110023
-0.10529708
-0.31651697
-0.1169964
-0.52755356
-0.057936493
0.10868541
-0.07581087
-0.29129437
0.13642505
0.088632114
-0.29750204
0.03829013
-0.42100683
-0.16068196
-0.46524036
-0.68782115
0.17368364
-0.04434511
-0.057214048
-0.19170289
-0.05121855
-0.24857993
0.0967099
0.29091105
0.1239304
0.51878285
0.05018766
-0.13591474
0.069407046
0.29849914
-0.12506932
-0.11355671
0.29800224
-0.02061584
0.42280272
0.20818317
0.4486841
0.6645784
-0.21760832
0.018383576
0.059044167
0.16811523
0.06015252
0.25071058
-0.08472469
-0.2836524
-0.13538401
-0.5226972
-0.046381384
0.13387045
-0.06113555
-0.32374233
0.118429475
0.13827273
-0.2948577
0.031144759
-0.42363706
-0.21892561
-0.43573946
-0.6316563
0.2793736
-0.021559823
-0.06037384
-0.17021073
-0.07000813
-0.2749426
0.07525985
0.25527745
0.1420228
0.51398915
0.04001483
-0.15839484
0.053448457
0.32796586
-0.10720153
-0.1613606
0.29595646
-0.012341557
0.4249901
0.25461915
0.4174314
0.58628964
-0.32688847
-0.00486497
0.06086004
0.14349335
0.07776048
0.2734005
-0.06296702
-0.24474499
-0.15300041
-0.5184838
-0.036766384
0.15315999
-0.044190824
-0.3505817
0.10056855
0.18371026
-0.29227582
0.022429464
-0.42557147
-0.2614985
-0.40526372
-0.5270947
0.38721615
0.001902706
-0.060634628
-0.14229263
-0.08639954
-0.29427648
0.052795656
0.21365882
0.1590611
0.5099226
0.031497777
-0.1745942
0.035490423
0.35213706
-0.0898095
-0.2043735
0.29433483
-0.002853876
0.42636934
0.28600836
0.3872408
0.46230665
-0.43813533
-0.02824901
0.05975551
0.11287735
0.09270524
0.2891211
-0.040547498
-0.19983397
-0.16893427
-0.51495737
-0.02866449
0.16591386
-0.02568542
-0.3723002
0.08329489
0.22397879
-0.29073635
0.012684657
-0.42663467
-0.2888513
-0.37714416
-0.36767945
0.491151
0.024900815
-0.057988547
-0.10885495
-0.09962685
-0.3066001
0.029779324
0.16625817
0.17407893
0.5065914
0.024264246
-0.18398829
0.016257452
0.37151483
-0.07320706
-0.24171698
0.29416233
0.007240381
0.42680684
0.30364773
0.360639
0.29359877
-0.53754336
-0.05063099
0.05578344
0.077301435
0.10423672
0.2979133
-0.01780683
-0.14939079
-0.18214943
-0.5121176
-0.021727452
0.17174104
-0.00630694
-0.38943923
0.06684688
0.2583906
-0.2912739
0.002535193
-0.42672575
-0.30253577
-0.3531428
-0.16188945
0.5748513
0.046322785
-0.052586738
-0.07112573
-0.10898651
-0.3119792
0.0065129693
0.11373867
0.18602747
0.50397474
0.018006684
-0.18629226
-0.00354415
0.38661447
-0.057518806
-0.27272636
0.2964754
0.017283294
0.42625844
0.30923083
0.33882043
0.08246884
-0.5967374
-0.070932426
0.049154036
0.038115725
0.11169889
0.29982883
0.0050473325
-0.094414584
-0.1916227
-0.50994176
-0.015660914
0.17047149
0.013281032
-0.40252423
0.051288515
0.28638265
-0.2948858
-0.007356974
-0.42584094
-0.30439192
-0.3339948
0.06687037
0.5982141
0.06515227
-0.04472019
-0.030634647
-0.11393221
-0.31045657
-0.016801639
0.05729948
0.19393048
0.5020399
0.012464512
-0.18143943
-0.023222597
0.3979121
-0.042721186
-0.2967835
0.302236
0.026624262
0.42477483
0.3044181
0.32213992
-0.14659604
-0.57890546
-0.08819181
0.040209856
-0.0030581986
0.11461814
0.29488212
0.02787025
-0.036442447
-0.19652492
-0.50840205
-0.010216026
0.16214159
0.032424115
-0.41201368
0.03655086
0.3073464
-0.30246773
-0.01635355
-0.424067
-0.29610986
-0.31979427
0.28041378
0.5433467
0.080517896
-0.034793653
0.010873896
-0.11416401
-0.30202022
-0.0399855
-0.0013586984
0.19706666
0.5007565
0.007413741
-0.16957214
-0.042081945
0.4058033
-0.028683797
-0.3131346
0.31225803
0.034673154
0.42249325
0.29062232
0.3104264
-0.35488334
-0.49785256
-0.101612985
0.029397776
-0.0444279
0.11278968
0.28303882
0.050500482
0.022583587
-0.1963994
-0.5074727
-0.0051731095
0.14699864
0.050452076
-0.41827056
0.02247197
0.3204659
-0.31475404
-0.023886068
-0.42157012
-0.27905214
-0.31021696
0.4521638
0.4455248
0.091728024
-0.023292735
0.051574826
-0.10968346
-0.28660935
-0.0628037
-0.060207978
0.19512625
0.50009924
0.0026528721
-0.1510579
-0.05940942
0.4105867
-0.0152042145
-0.3207381
0.32715458
0.04094201
0.41961685
0.26894432
0.3031725
-0.51790684
-0.3945479
-0.11059196
0.017240465
-0.0841788
0.10631498
0.26424393
0.072680205
0.080573194
-0.19126531
-0.50713795
-0.00033358397
0.12551801
0.066668965
-0.42154905
0.008827756
0.32460406
-0.33225974
-0.029502794
-0.41856715
-0.2542501
-0.30464944
0.57926035
0.3345656
0.098291755
-0.010753603
0.08971818
-0.10079066
-0.26416823
-0.08488875
-0.11718078
0.18828921
0.5000576
-0.0020039272
-0.12651464
-0.07447866
0.4124515
-0.0020338984
-0.3181628
0.34725356
0.045078933
0.41638124
0.24021131
0.29964474
-0.62618685
-0.28674844
-0.1147353
0.0043020374
-0.12062459
0.0955855
0.23848352
0.09399183
0.13560113
-0.18161511
-0.5073917
0.0044932514
0.09843564
0.08036383
-0.42198563
-0.0046396344
0.3182632
-0.35516667
-0.032892983
-0.41529554
-0.22249763
-0.3022783
0.66059446
0.22485392
0.09992817
0.0022602866
0.12376486
-0.0880327
-0.23473144
-0.1056955
-0.17047368
0.1771826
0.50062793
-0.0067389477
-0.09684167
-0.08657836
0.41147217
0.011093495
-0.30359897
0.37246922
0.046879414
0.41302866
0.2050944
0.29895234
-0.6851995
-0.18077166
-0.11386458
-0.00882994
-0.15233082
0.08121244
0.2058796
0.11382334
0.18615691
-0.16829537
-0.5082368
0.009495518
0.06676825
0.090856574
-0.41959822
-0.018199997
0.29966047
-0.3831389
-0.03389919
-0.41198602
-0.18450473
-0.3021549
0.70211977
0.12335741
0.09656829
0.01517412
0.15246867
-0.0721092
-0.19853726
-0.12448892
-0.2187613
0.16273637
0.50182307
-0.011737817
-0.06322253
-0.09507897
0.4076102
0.024449235
-0.27503747
0.4020798
0.04628889
0.4097791
0.16426407
0.3001185
-0.7105289
-0.079819694
-0.10801654
-0.021563787
-0.1781774
0.06392993
0.16679794
0.13138092
0.23126331
-0.15233275
-0.5096904
0.014872194
0.0318054
0.09756487
-0.4142883
-0.032117937
0.26694477
-0.41499197
-0.032512557
-0.40884036
-0.14106743
-0.30327716
0.71696645
0.02928172
0.08835419
0.027417082
0.17490049
-0.05377613
-0.15614787
-0.14039166
-0.26126572
0.14599854
0.5036654
-0.017199192
-0.027097188
-0.099501476
0.40071058
0.038289327
-0.23071598
0.43432453
0.04339077
0.40681657
0.11855149
0.30215248
-0.71565664
0.017525077
-0.09744511
-0.033318255
-0.19736259
0.04450521
0.121960334
0.14575396
0.27045557
-0.13475811
-0.51177573
0.020838311
-0.004933409
0.10008087
-0.40583608
-0.046630315
0.21862866
-0.4481633
-0.028862957
-0.4060218
-0.09321753
-0.30469057
0.71391684
-0.06273928
0.075639844
0.038432367
0.19042446
-0.033771694
-0.10854688
-0.15247813
-0.29770622
0.12796962
0.5061855
-0.023343064
0.009916107
-0.09959114
0.39050817
0.05283282
-0.16997343
0.46578103
0.038392577
0.4042786
0.06907614
0.30415615
-0.7042376
0.11574388
-0.08261709
-0.043540295
-0.20936607
0.023678113
0.0725233
0.15603052
0.3036853
-0.11647491
-0.514522
0.027638638
-0.04179147
0.09823814
-0.3939117
-0.061921332
0.1543917
-0.47810334
-0.023199223
-0.40365008
-0.042303972
-0.30560806
0.69089186
-0.15902826
0.058987968
0.04769831
0.19865073
-0.012777475
-0.05717877
-0.15992895
-0.3281815
0.109482914
0.50941616
-0.030424073
0.046135496
-0.095357984
0.3766365
0.06823627
-0.09453306
0.49092835
0.031605415
0.40226537
0.017286982
0.30544502
-0.6686389
0.21860227
-0.0642062
-0.05173074
-0.2138976
0.0021370023
0.020085307
0.16146138
0.33119148
-0.09817732
-0.5179524
0.035559002
-0.07709736
0.09213492
-0.37808558
-0.07809318
0.07641326
-0.49841917
-0.015870735
-0.4018111
0.010035084
-0.30554262
0.63633174
-0.26377675
0.03915462
0.05475334
0.19939217
0.008577662
-0.0038816163
-0.1621904
-0.3530405
0.09114583
0.5133807
-0.038742054
0.079947345
-0.087071165
0.35864106
0.084561326
-0.009670604
0.5031994
0.023427155
0.40083733
-0.035109606
0.30566552
-0.5933196
0.3257986
-0.04306897
-0.05747345
-0.21085621
-0.019467609
-0.03341173
0.1616036
0.35338235
-0.08032845
-0.52207285
0.04494085
-0.109293275
0.082122646
-0.357847
-0.09512806
-0.009413301
-0.5032113
-0.0073042098
-0.40055704
0.062014107
-0.30439052
0.5385479
-0.3751516
0.017066216
0.05922741
0.19263253
0.029690351
0.049284402
-0.15909828
-0.3727578
0.07333703
0.5180761
-0.048659727
0.109915346
-0.075217
0.33601385
0.10173291
0.07616663
0.49845943
0.014317747
0.40002772
-0.086323336
0.30486304
-0.4650716
0.43290666
-0.020213958
-0.060468357
-0.20031016
-0.040488083
-0.08588983
0.15643156
0.37073326
-0.06317368
-0.52684516
0.056198154
-0.13703452
0.06875079
-0.3326533
-0.11284518
-0.09429243
-0.49098805
0.0020191662
-0.39991844
0.11190275
-0.3024513
0.39517227
-0.4834761
-0.006220797
0.060876045
0.17852415
0.049942624
0.100288175
-0.15091698
-0.3878394
0.05622863
0.5234411
-0.060620707
