-0.019891594
-0.084106125
-0.023068525
-0.18292856
-0.02346998
-0.28750947
-0.023141034
-0.3954724
-0.033357505
-0.50136036
-0.075524054
-0.59572643
-0.11974366
0.0015797378
-0.20803945
-0.006875417
-0.29181764
-0.011536636
-0.38394216
-0.008784623
-0.4896973
0.0026640862
0.0064078397
0.086749814
0.011754229
0.18060663
0.018903758
0.28739876
0.034551788
0.40104517
0.07221054
0.5049856
0.15911601
0.5814417
0.121980615
0.010667325
0.2245281
0.01668887
0.31206703
0.017926212
0.3958325
0.011178314
0.48692656
-0.0077994107
-0.026243571
-0.07186572
-0.03449763
-0.16388601
-0.041602276
-0.27456877
-0.054544486
-0.3955791
-0.101681374
-0.49899963
-0.23101047
-0.5524214
-0.13983773
-0.010337892
-0.22729582
-0.024630085
-0.3009725
-0.029330114
-0.37947908
-0.020256318
-0.47476855
0.008497878
0.013561888
0.07573937
0.024202544
0.1621419
0.037262343
0.2733349
0.06580106
0.39918172
0.13518131
0.49692222
0.28907833
0.5263818
0.14621186
0.021402005
0.24596307
0.032517396
0.32081184
0.034438107
0.3918395
0.022622721
0.47353184
-0.012289284
-0.033478484
-0.061912213
-0.046550874
-0.14618385
-0.058970187
-0.26045975
-0.08226444
-0.3928675
-0.15969527
-0.48474616
-0.3477547
-0.48624694
-0.16102225
-0.022645073
-0.24385706
-0.041244198
-0.30757943
-0.045614846
-0.37516826
-0.03192265
-0.4600416
0.011135922
0.021787118
0.066900745
0.03773332
0.1453354
0.05513965
0.2583032
0.09232053
0.3946091
0.1830199
0.47831744
0.37477383
0.45328638
0.17139545
0.03234108
0.26354873
0.047421634
0.326667
0.049643487
0.38783017
0.03418164
0.46068606
-0.013662376
-0.04188955
-0.054162037
-0.059601948
-0.13053606
-0.07562223
-0.24572133
-0.10540028
-0.38765416
-0.20154321
-0.46296927
-0.41935804
-0.41785693
-0.18211623
-0.035293847
-0.25738668
-0.05662488
-0.311909
-0.0605471
-0.3708344
-0.04364478
-0.44629833
0.010864895
0.031437315
0.060123146
0.052712347
0.13075645
0.07265789
0.24290408
0.113663465
0.38778287
0.21389247
0.45402092
0.427516
0.38562042
0.19591023
0.04350391
0.27719933
0.061343875
0.33007354
0.06365737
0.38364902
0.045729425
0.448914
-0.012276344
-0.051775947
-0.048513766
-0.07395177
-0.11747582
-0.09165373
-0.2309767
-0.12380764
-0.38045317
-0.22597583
-0.43861657
-0.46417248
-0.35927555
-0.20193946
-0.048077762
-0.2679091
-0.070760675
-0.31425056
-0.07426788
-0.3663342
-0.05530621
-0.4339359
0.008074788
0.042886473
0.05528693
0.069424815
0.118777014
0.08992855
0.22778347
0.13013843
0.37927112
0.22959422
0.4289066
0.46651846
0.330989
0.21825138
0.054787967
0.28723648
0.07425941
0.3314314
0.07658327
0.37917408
0.057158507
0.43843076
-0.008553463
-0.063423984
-0.044878498
-0.089759715
-0.107329175
-0.10715176
-0.21686351
-0.1378907
-0.37182206
-0.23582841
-0.415324
-0.501049
-0.31014907
-0.21958427
-0.06071034
-0.27566
-0.0836972
-0.314884
-0.086893536
-0.36155754
-0.066804826
-0.4230488
0.0031830112
0.056500662
0.052285768
0.08799377
0.10957608
0.10698957
0.21355903
0.14246385
0.36962184
0.23407508
0.40598315
0.5059571
0.2849638
0.23740856
0.06600622
0.2941554
0.0861778
0.33108893
0.0885075
0.3743164
0.0683761
0.42922786
-0.0029174231
-0.07706807
-0.04319607
-0.10697697
-0.10022245
-0.12215186
-0.20395537
-0.14834547
-0.36225462
-0.23578514
-0.3947477
-0.5434646
-0.26461622
-0.2345414
-0.072919965
-0.28097337
-0.095507085
-0.31407145
-0.09851328
-0.35642567
-0.078050956
-0.41353634
-0.003410352
0.0725826
0.051033452
0.108284935
0.10316864
0.12377251
0.20074414
0.15148965
0.35928243
0.2316082
0.38621747
0.55781764
0.23971613
0.25298128
0.07695054
0.298478
0.097132176
0.32934707
0.09949794
0.36901784
0.07929958
0.42116117
0.004241545
-0.09282264
-0.04343284
-0.125298
-0.09610222
-0.13661672
-0.19268604
-0.15595464
-0.3521299
-0.23032275
-0.37707385
-0.60328
-0.21337408
-0.24666886
-0.084509246
-0.28421122
-0.10626887
-0.3120544
-0.10919267
-0.3508914
-0.08896157
-0.40519562
-0.011344831
0.09127205
0.051462077
0.12983151
0.09943705
0.1401056
0.1896928
0.15803696
0.34857515
0.2256473
0.36937213
0.6345648
0.18304671
0.26504532
0.08744431
0.30068788
0.10716612
0.32646954
0.10960592
0.3632528
0.08985392
0.4140201
0.012579012
-0.11059044
-0.045562778
-0.14416364
-0.09475286
-0.15044269
-0.18330655
-0.16145867
-0.34171146
-0.22270846
-0.3618173
-0.6872431
-0.14041832
-0.2560814
-0.09536284
-0.28572455
-0.11605593
-0.30905768
-0.11897885
-0.34494147
-0.099459045
-0.39778364
-0.020304894
0.112411596
0.053509936
0.15183815
0.09815412
0.15574735
0.18057714
0.16281913
0.3377128
0.21851014
0.35479745
0.73261446
0.09351048
0.2739498
0.09736485
0.30120885
0.116325706
0.32269102
0.11886922
0.35702643
0.099968664
0.4075694
0.02179883
-0.12997545
-0.049530305
-0.16283989
-0.09581423
-0.16348289
-0.17587996
-0.16549115
-0.33117
-0.21490061
-0.34835553
-0.7669292
-0.026738653
-0.26303858
-0.105430566
-0.28583768
-0.12493164
-0.30529153
-0.1279059
-0.3385929
-0.10947045
-0.3910514
-0.030020285
0.13542014
0.057101164
0.17330849
0.09899941
0.17043555
0.17339937
0.16641805
0.3268268
0.21153796
0.34184304
0.78775436
-0.042806633
0.28014985
0.10664
0.30040437
0.12465499
0.3182255
0.12731807
0.3503752
0.10957941
0.4015788
0.031648666
-0.1502561
-0.055200204
-0.1805645
-0.09881942
-0.1755832
-0.17031233
-0.16855918
-0.32061413
-0.20787989
-0.3361532
-0.77135724
0.11644819
-0.26786375
-0.11470305
-0.28484216
-0.13295245
-0.300952
-0.13600175
-0.33189607
-0.118927255
-0.38476628
-0.04026099
0.15926817
0.062115084
0.19326638
0.101581216
0.18393962
0.16802916
0.16928741
0.315999
0.2054004
0.3299968
0.73251206
-0.18896967
0.28410983
0.11523635
0.29858336
0.1321968
0.3132692
0.13497801
0.34336424
0.118627384
0.39583564
0.041916136
-0.17047448
-0.062320814
-0.19670106
-0.10325608
-0.18661477
-0.16640301
-0.17104939
-0.31011683
-0.20203352
-0.32481563
-0.67713326
0.24994853
-0.27089158
-0.12319409
-0.28299582
-0.14016807
-0.29622155
-0.143292
-0.3249273
-0.12776937
-0.37872094
-0.05083182
0.18263687
0.06836081
0.2109724
0.10547324
0.19609417
0.16425219
0.17176698
0.30528635
0.20036739
0.31889796
0.5999692
-0.31139624
0.28625697
0.12314706
0.2960082
0.13899153
0.30800042
0.1418745
0.3360842
0.12706213
0.3901553
0.052421134
-0.18963604
-0.07052631
-0.21083428
-0.10863431
-0.19649252
-0.1638972
-0.17324488
-0.29973412
-0.19744004
-0.31407416
-0.5373687
0.3607799
-0.27244228
-0.13092978
-0.28052303
-0.14662406
-0.29126573
-0.14980426
-0.31778625
-0.13594557
-0.37273914
-0.06156523
0.20424053
0.07556758
0.22602697
0.11026045
0.20681402
0.1618153
0.1741034
0.29473662
0.19649532
0.30831078
0.47083467
-0.4158934
0.28696513
0.13038026
0.29290146
0.14507776
0.30257973
0.1480347
0.32864368
0.13484246
0.384385
0.06300931
-0.20692952
-0.07939514
-0.22278209
-0.114537604
-0.20518269
-0.1625286
-0.17534362
-0.28951946
-0.19403532
-0.30375928
-0.41468176
0.46858898
-0.27280706
-0.13794073
-0.27761883
-0.15236418
-0.286232
-0.1555705
-0.31058508
-0.14341818
-0.36667743
-0.07231654
0.22314009
0.08341272
0.23835076
0.115578525
0.21609087
0.16046178
0.17646722
0.28439972
0.1937379
0.29809406
0.34542453
-0.52742845
0.28655595
0.13695423
0.28945193
0.15049484
0.2971479
0.15349056
0.32116282
0.14193992
0.37840575
0.07354743
-0.22185439
-0.08852564
-0.23255509
-0.12064365
-0.21269986
-0.1620467
-0.17747909
-0.27952975
-0.19170423
-0.29377502
-0.2670587
0.5815324
-0.27224517
-0.14426062
-0.27444708
-0.15743339
-0.2812452
-0.16062881
-0.30344203
-0.15016524
-0.36042953
-0.08295804
0.23887818
0.09156927
0.2480913
0.12113493
0.22397795
0.15995342
0.17896993
0.27433228
0.19200599
0.28817505
0.17106287
-0.62958217
0.28530014
0.14289306
0.28581548
0.15528353
0.29182348
0.1582786
0.31376448
0.14833951
0.3721345
0.08391879
-0.23422132
-0.09759282
-0.24029183
-0.12672105
-0.2190962
-0.16223255
-0.17973499
-0.26982787
-0.19031733
-0.28407952
-0.044701118
0.64800316
-0.27098125
-0.14992483
-0.27114502
-0.16187695
-0.27640846
-0.1650218
-0.29647171
-0.15618046
-0.3539258
-0.09337446
0.25142077
0.09975377
0.2555227
0.12671164
0.23057133
0.16008338
0.18167688
0.26459637
0.19119489
0.27853036
-0.07076744
-0.64334273
0.28342625
0.14822482
0.28212008
0.15948525
0.2867024
0.16243975
0.30656594
0.15404086
0.36552444
0.094018124
-0.24408081
-0.10636593
-0.24620347
-0.13261244
-0.22445142
-0.1629028
-0.18215674
-0.2604808
-0.1897511
-0.2746695
0.19405511
0.6166361
-0.26920897
-0.15496989
-0.26782283
-0.1657412
-0.271801
-0.16879803
-0.28977653
-0.1614744
-0.34713316
-0.10346105
0.26100805
0.107749104
0.26096785
0.13215363
0.23599303
0.16067788
0.1846161
0.2552588
0.19120067
0.26917183
-0.30570683
-0.57003546
0.28112444
0.15298097
0.2784675
0.1631432
0.28185746
0.16602004
0.29966944
0.15905808
0.35856444
0.10375184
-0.2516325
-0.114698306
-0.25053206
-0.13821562
-0.22886264
-0.16390793
-0.18476053
-0.2515576
-0.18989311
-0.26556933
0.39601773
0.52376425
-0.2670895
-0.15943487
-0.26456717
-0.16907395
-0.26748043
-0.17200944
-0.28344184
-0.1660731
-0.34005636
-0.11312207
0.26801187
0.115405075
0.26475123
0.13735716
0.24037606
0.16159607
0.18778728
0.24638535
0.1919215
0.26013395
-0.49239656
-0.46032196
0.2785506
0.15719567
0.2749359
0.16630104
0.2773406
0.16906819
0.29316014
0.16341771
0.35127982
0.11303487
-0.25714964
-0.12250573
-0.253522
-0.14346828
-0.2324334
-0.16513132
-0.18754174
-0.24312326
-0.19064005
-0.25682053
0.5601036
0.3979242
-0.26475784
-0.16335875
-0.26144278
-0.17192338
-0.26348475
-0.17470981
-0.27753112
-0.17001514
-0.33273548
-0.12227148
0.2728387
0.12262612
0.26717442
0.1422551
0.24385557
0.16272686
0.19116865
0.23803692
0.19325958
0.25146478
-0.65914786
-0.3349974
0.27583176
0.16090447
0.2715828
0.1690048
0.2731842
0.17163469
0.28710073
0.16715766
0.34372762
0.12179305
-0.26092988
-0.1297455
-0.25540543
-0.14833543
-0.23526981
-0.16648227
-0.19047908
-0.23523544
-0.1918989
-0.2484738
0.75080955
0.25854763
-0.26232278
-0.16678257
-0.25849587
-0.17433728
-0.25983447
-0.1769535
-0.27208742
-0.17334834
-0.32523996
-0.1308344
0.27587858
0.12935743
0.2685055
0.14680867
0.24656023
0.16398348
0.19472203
0.2302649
0.1951207
0.24321836
-0.83099
-0.15755199
0.27306962
0.1641444
0.26844764
0.17129764
0.269404
0.17377001
0.28153226
0.17032355
0.33599162
0.12996356
-0.2632645
-0.13640319
-0.256394
-0.15280084
-0.23747335
-0.16789079
-0.19354062
-0.2279403
-0.19358373
-0.24058172
0.8885309
0.052452993
-0.25987053
-0.16974771
-0.25575703
-0.17636207
-0.25653645
-0.17879325
-0.2671333
-0.1761271
-0.31766284
-0.1387506
0.27748325
0.13557236
0.2689776
0.15099767
0.24860963
0.16529942
0.19839938
0.22310796
0.19741395
0.23544666
-0.8694279
0.06675031
0.27034286
0.16695336
0.26555523
0.17322364
0.2660028
0.17552353
0.27647543
0.17296647
0.32817715
0.13749695
-0.26442552
-0.14248008
-0.25667554
-0.15686302
-0.23913954
-0.16930585
-0.1966869
-0.22126842
-0.19561288
-0.23319304
0.83972245
-0.1733791
-0.2574667
-0.17229506
-0.2532442
-0.17804281
-0.2535869
-0.18028009
-0.2626732
-0.1784089
-0.31011242
-0.14597541
0.27795714
0.14126275
0.2687888
0.15481646
0.2501126
0.16662587
0.20214672
0.21658915
0.20004946
0.22819622
-0.75910234
0.26891002
0.26770973
0.1693694
0.26291874
0.17482431
0.26297244
0.17694296
0.2719334
0.17514013
0.3204004
0.1443589
-0.26465422
-0.14798851
-0.2564119
-0.16052826
-0.2403563
-0.17068976
-0.19987518
-0.21523556
-0.19791189
-0.22634697
0.65086085
-0.35957602
-0.25516048
-0.17446515
-0.2509643
-0.17942186
-0.25097188
-0.18146153
-0.2586986
-0.18025158
-0.30270067
-0.15248314
0.2775599
0.14643398
0.26810592
0.15826848
0.25116563
0.16792622
0.20590985
0.2107159
0.20294395
0.2215014
-0.5515891
0.44138074
0.26521406
0.17143056
0.26054013
0.17613938
0.26029664
0.17807297
0.26789495
0.17689846
0.31277883
0.15053199
-0.2641636
-0.15294841
-0.25574192
-0.1638104
-0.24120207
-0.17201531
-0.20306146
-0.20984085
-0.20040992
-0.22007124
0.44620627
-0.5290794
-0.25298586
-0.1762984
-0.24891646
-0.18053831
-0.24867423
-0.18238215
-0.2551884
-0.18171193
-0.2955347
-0.15826686
0.2765119
0.15109947
0.267067
0.16136463
0.2518535
0.16917416
0.20963313
0.20548129
0.2060162
0.21538548
-0.33064955
0.61280084
0.26288313
0.1731732
0.25841504
0.17720567
0.25795466
0.17895533
0.26433733
0.178295
0.3054229
0.15601487
-0.26313573
-0.15738468
-0.2547811
-0.16672781
-0.24174608
-0.17326452
-0.2062033
-0.2050697
-0.20304024
-0.21438079
0.1886683
-0.6816871
-0.2509648
-0.17783208
-0.24709399
-0.18142906
-0.2466717
-0.18308201
-0.2521154
-0.18284366
-0.28870925
-0.16333786
0.2749953
0.15527955
0.26578525
0.16412078
0.25224832
0.17035218
0.21326849
0.20086472
0.20919167
0.20985708
0.0005704144
0.70045406
0.26073515
0.17463344
0.25653315
0.17805798
0.2559217
0.17962742
0.2612315
0.1793796
0.29842904
0.16082142
-0.26172468
-0.16132616
-0.25362498
-0.16930263
-0.24204822
-0.17442565
-0.20926252
-0.20089528
-0.20574318
-0.2092758
-0.1815991
-0.66860056
-0.2491106
-0.17910235
-0.24548584
-0.18212724
-0.24493961
-0.18359682
-0.24944706
-0.1836962
-0.28229997
-0.1677233
0.27316076
0.15899874
0.26435313
0.16655615
0.25241363
0.17144829
0.21677172
0.1968351
0.2124027
0.20491137
0.35878527
0.6115709
0.25877845
0.17584412
0.25488102
0.17872672
0.25417125
0.18012361
0.2585437
0.18019894
0.29187265
0.16498044
-0.26005796
-0.1648036
-0.25235164
-0.17155838
-0.24216093
-0.17549214
-0.21220449
-0.19728094
-0.20846434
-0.20474395
-0.51982516
-0.5216661
-0.24742797
-0.18014278
-0.24407887
-0.18266232
-0.24345393
-0.18395899
-0.24714872
-0.18431517
-0.27636087
-0.1714634
0.27113032
0.16228455
0.26284352
0.16869241
0.2524018
0.17245646
0.2201076
0.19335279
0.21558951
0.20053154
0.65680045
0.42448834
0.2570142
0.17683691
0.2534421
0.17924044
0.25267643
0.18047404
0.25623628
0.18079582
0.28580847
0.1685304
-0.25823948
-0.16785027
-0.2510216
-0.17352031
-0.24212788
-0.17646204
-0.21500202
-0.19418357
-0.2111559
-0.20076187
-0.7892426
-0.3140502
-0.24591592
-0.18098392
-0.24285696
-0.18306084
-0.24218853
-0.18419619
-0.24518408
-0.18474093
-0.27092594
-0.1746078
0.2690024
0.16516677
0.2613129
0.17055263
0.2522571
0.1733746
0.22324844
0.19037308
0.21870217
0.19669127
0.8913786
0.18857919
0.25543782
0.177641
0.2521991
0.17962456
0.2514099
0.18070501
0.25427166
0.18120836
0.28026828
0.17151852
-0.25635228
-0.17049967
-0.24968259
-0.1752141
-0.24198571
-0.17733578
-0.2176336
-0.19155692
-0.21377818
-0.19729866
-0.90549886
-0.039102543
-0.24456957
-0.18165442
-0.24180435
-0.18334703
-0.24112047
-0.18433332
-0.24351802
-0.18500905
-0.2660079
-0.17721215
0.26685357
0.16767658
0.25980467
0.1721605
0.252016
0.17420238
0.2261742
0.18784906
0.22169733
0.19335738
0.90498185
-0.08519508
0.2540421
0.17828226
0.25113383
0.17990093
0.25034675
0.18084016
0.25261346
0.18147062
0.2752648
0.17399709
-0.25446123
-0.17278704
-0.24837056
-0.1766653
-0.24176513
-0.1781163
-0.22008306
-0.18935241
-0.21629703
-0.19431667
-0.8338323
0.19843313
-0.24338111
-0.18217908
-0.24090461
-0.18354091
-0.24022575
-0.184391
-0.24211688
-0.18515086
-0.26160485
-0.17933466
0.26474303
0.16984585
0.2583513
0.17353924
0.2517083
0.17494251
0.2288724
0.18573263
0.22454312
0.19049057
0.74406874
-0.3000833
0.2528169
0.17878537
0.25022814
0.18008934
0.24946174
0.18089917
0.25122637
0.18161154
0.2707938
0.17602064
-0.25261495
-0.1747463
-0.24711224
-0.17789845
-0.24149089
-0.17880762
-0.22234114
-0.18752213
-0.21868728
-0.19177411
-0.6380874
0.39186856
-0.24234033
-0.18258114
-0.24014151
-0.18366015
-0.23948321
-0.18438712
-0.2409484
-0.18519309
-0.25769994
-0.18103395
0.26271328
0.17170589
0.25697547
0.17471197
0.25135785
0.17559876
0.23133677
0.18397623
0.22721432
0.1880487
0.51850647
-0.48672742
0.2517498
0.1791716
0.24946442
0.18020599
0.2487326
0.18089932
0.25007632
0.18165742
0.26683712
0.17764351
-0.250849
-0.17641076
-0.24592584
-0.17893748
-0.2411828
-0.17941545
-0.22440286
-0.18601994
-0.2209284
-0.18962756
-0.40398777
0.5793249
-0.24143632
-0.18288097
-0.23949946
-0.18372025
-0.23887314
-0.1843369
-0.23998286
-0.185159
-0.25426775
-0.18236597
0.26079586
0.17328808
0.25569257
0.17570114
0.25098374
0.17617606
0.2335675
0.182535
0.22969472
0.18598896
0.26411185
-0.66570884
0.2508274
0.17946002
0.24882591
0.18026619
0.24813813
0.1808545
0.2491331
0.1816295
0.26336816
0.1789186
-0.24918827
-0.17781259
-0.24482332
-0.17980514
-0.24085693
-0.1799455
-0.22626919
-0.1848019
-0.22300838
-0.1878341
-0.067816354
0.7092012
-0.24065696
-0.18309574
-0.23896405
-0.18373382
-0.23837689
-0.18425256
-0.2391932
-0.18506742
-0.2512765
-0.1833842
0.2590102
0.17462176
0.25451067
0.17652828
0.25060165
0.17667963
0.23556961
0.18136632
0.2319744
0.18426849
-0.12406176
-0.6920726
0.25003695
0.17966801
0.24829783
0.18028153
0.2476595
0.18077686
0.24836771
0.18154646
0.26035342
0.17989565
-0.24764799
-0.17898223
-0.24381085
-0.1805226
-0.24052592
-0.180404
-0.22794393
-0.18382825
-0.22491916
-0.18635145
0.31733397
0.6362623
-0.23999016
-0.18324178
-0.23852217
-0.1837121
-0.23797846
-0.18414445
-0.2385547
-0.18493445
-0.24869098
-0.18413772
0.25736812
0.17573641
0.25343415
0.17721282
0.2502224
0.1771158
0.23735161
0.18043171
0.23405038
0.18284677
-0.49163428
-0.5477772
0.24936491
0.17980966
0.2478652
0.18026328
0.24727963
0.18067615
0.24775545
0.18142353
0.2577557
0.1806211
-0.24623676
-0.17994855
-0.24289094
-0.18110941
-0.24019893
-0.18079777
-0.22943407
-0.18306223
-0.22665855
-0.18513994
0.64114684
0.4499604
-0.23942465
-0.1833318
-0.23816106
-0.18366411
-0.23766372
-0.18402083
-0.23804563
-0.18477352
-0.24647334
-0.18467073
0.25587517
0.17665796
0.2524633
0.1777734
0.24985479
0.1774907
0.23892458
0.17969601
0.23592316
0.18168487
-0.78147393
-0.3352738
0.24879797
0.17989777
0.24751465
0.18021944
0.2469836
0.18056063
0.24727307
0.1812732
0.25553572
0.18113613
-0.24495798
-0.1807377
-0.24206375
-0.18158369
-0.23988338
-0.18113314
-0.2307501
-0.18247071
-0.2282275
-0.18416215
0.8897816
0.20531845
-0.23894848
-0.18337722
-0.23786959
-0.18359761
-0.23741896
-0.1838888
-0.23764583
-0.18459514
-0.24458586
-0.1850226
0.25453147
0.17741165
0.25159603
0.17822681
0.24950515
0.17780992
0.24030252
0.17912722
0.2375989
0.18074721
-0.9083837
-0.05209285
0.24832371
0.17994343
0.24723534
0.18015797
0.24675734
0.18043663
0.24689962
0.18110585
0.2536544
0.18147865
-0.24381039
-0.18137397
-0.24132618
-0.18196131
-0.23958384
-0.18141648
-0.23190203
-0.1820251
-0.22963077
-0.18338501
0.9105456
-0.07423342
-0.23855112
-0.18338826
-0.2376374
-0.1835187
-0.23723307
-0.1837534
-0.23733744
-0.18440804
-0.242993
-0.18522817
0.25333276
0.17801987
0.2508275
0.17858854
0.2491775
0.17808028
0.2414996
0.17869788
0.23908512
0.18000099
-0.8408638
0.18957688
0.24793123
0.17995566
0.24701548
0.18008411
0.24658944
0.18030901
0.2466172
0.18092972
0.2520741
0.18168099
-0.24278924
-0.18187913
-0.24067426
-0.18225704
-0.2393044
-0.1816538
-0.23290287
-0.18169974
-0.23087522
-0.18277685
0.7544405
-0.29250503
-0.23822276
-0.18337274
-0.23745571
-0.18343206
-0.23709548
-0.18361868
-0.23710561
-0.18421833
-0.24165936
-0.18531704
0.25227258
0.17850383
0.25015238
0.17887212
0.24887478
0.17830668
0.24253164
0.17838387
0.24039347
0.17941675
-0.64838046
0.38549778
0.24760957
0.17994274
0.24684614
0.18000303
0.24646899
0.18018195
0.24641018
0.18075086
0.2507583
0.18177147
-0.2418885
-0.18227349
-0.2401033
-0.18248351
-0.23904645
-0.18185069
-0.23376521
-0.18147308
-0.23197038
-0.1823111
0.52722406
-0.4810496
-0.23795463
-0.18333782
-0.23731644
-0.1833422
-0.23699784
-0.18348789
-0.23693684
-0.18403144
-0.2405525
-0.18531507
0.25134304
0.17888191
0.24956414
0.1790897
0.24859758
0.17849456
0.24341437
0.17816408
0.24153592
0.17896883
-0.41272694
0.57428586
0.24734929
0.17991094
0.24671918
0.17991829
0.24638794
0.18005835
0.24626507
0.18057454
0.24967402
0.18177515
-0.2411007
-0.18257447
-0.23960587
-0.18265252
-0.23881067
-0.18201263
-0.23450258
-0.18132554
-0.23292664
-0.18196376
0.27370676
-0.66235447
-0.23773806
-0.18328878
-0.23721218
-0.18325156
-0.23693301
-0.18336305
-0.23681954
-0.18385138
-0.23964353
-0.1852448
0.25053406
0.17917123
0.24905537
0.17925248
0.24834645
0.17864944
0.24416295
0.17802033
0.24252579
0.17863408
-0.077983566
0.7090785
0.24714133
0.17986538
0.24662675
0.17983267
0.24633802
0.17994012
0.24616995
0.1804042
0.24878994
0.18171266
-0.24041651
-0.18279774
-0.23917668
-0.18277408
-0.23859766
-0.18214403
-0.23512724
-0.18124112
-0.23375453
-0.1817136
-0.11413861
-0.69481605
-0.23756535
-0.1832306
-0.23713703
-0.1831626
-0.23689403
-0.1832457
-0.23674393
-0.1836808
-0.23890422
-0.18512377
0.24983571
0.1793863
0.24861866
0.17936985
0.24812107
0.17877524
0.24479242
0.17793688
0.24337712
0.17839219
0.30859694
0.6398253
0.24697752
0.17981116
0.24656251
0.17974898
0.24631314
0.17982902
0.24611488
0.18024263
0.24807705
0.1816014
-0.23982748
-0.18295662
-0.23880966
-0.1828565
-0.23840655
-0.18224977
-0.23565206
-0.18120615
-0.23446636
-0.18154266
-0.4841698
-0.552375
-0.23743002
-0.18316667
-0.2370854
-0.1830775
-0.23687543
-0.18313687
-0.23670182
-0.18352108
-0.23831074
-0.1849671
0.24923794
0.17953998
0.24824752
0.17945
0.24792045
0.17887655
0.24531648
0.17790096
0.24410304
0.17822623
0.6350003
0.4554257
0.24685137
0.17975107
0.24652123
0.17966835
0.24630716
0.17972592
0.24609189
0.18009123
0.2475114
0.18145582
-0.2393239
-0.18306337
-0.23849775
-0.18290797
-0.23823705
-0.18233287
-0.23608878
-0.18120919
-0.23507263
-0.18143523
-0.7767698
-0.34091416
-0.23732613
-0.18309982
-0.23705299
-0.18299685
-0.23687309
-0.18303725
-0.23668575
-0.18337375
-0.2378409
-0.18478778
0.2487298
0.17964368
0.24793425
0.17950031
0.24774359
0.17895627
0.2457487
0.17790148
0.24471621
0.1781215
0.88716155
0.21090648
0.24675661
0.17968841
0.24649827
0.17959197
0.24631633
0.1796313
0.24609286
0.17995147
0.24706914
0.18128784
-0.23889692
-0.18312809
-0.2382351
-0.18293439
-0.2380877
-0.18239744
-0.23644845
-0.18124047
-0.23558456
-0.18137832
-0.90833455
-0.057390537
-0.23724845
-0.18303299
-0.2370349
-0.18292168
-0.23688257
-0.18294682
-0.23668936
-0.18323907
-0.23747538
-0.18459488
0.24830206
0.17970711
0.24767226
0.1795267
0.2475886
0.17901807
0.24610169
0.17792921
0.24523023
0.17806444
0.9120475
-0.06930448
0.24668738
0.17962526
0.24648906
0.17952096
0.24633594
0.17954546
0.24611142
0.17982373
0.24673168
0.18110648
-0.23853801
-0.18315925
-0.23801577
-0.18294172
-0.23795684
-0.18244638
-0.23674138
-0.1812923
-0.23601325
-0.18136038
-0.8434369
0.185283
-0.2371921
-0.18296717
-0.2370289
-0.1828526
-0.23690106
-0.1828655
-0.23670776
-0.18311752
-0.23719749
-0.18439662
0.24794486
0.17973857
0.24745515
0.17953476
0.24745388
0.17906521
0.24638553
0.17797697
0.24565724
0.1780452
0.7588227
-0.28858152
0.24663928
0.17956312
0.24649137
0.1794553
0.24636374
0.17946842
0.24614361
0.1797082
0.24648026
0.18091975
-0.23823902
-0.18316464
-0.23783424
-0.18293399
-0.23784348
-0.18248183
-0.23697665
-0.18135856
-0.23636891
-0.18137224
-0.65310127
0.3818675
-0.2371532
-0.18290393
-0.23703212
-0.1827897
-0.23692583
-0.1827932
-0.2367369
-0.18300861
-0.23699154
-0.18419902
0.24764961
0.17974506
0.24727695
0.17952818
0.24733806
0.17909947
0.24661097
0.17803828
0.24600784
0.17805468
0.53158
-0.4774578
0.24660815
0.17950338
0.2465015
0.1793957
0.24639633
0.17939942
0.24618466
0.17960475
0.24629986
0.18073319
-0.23799223
-0.18315016
-0.23768568
-0.18291534
-0.23774606
-0.18250673
-0.237163
-0.18143359
-0.23666057
-0.18140632
-0.41759565
0.570687
-0.23712866
-0.18284418
-0.23704222
-0.18273295
-0.23695457
-0.18272905
-0.23677345
-0.18291183
-0.23684555
-0.18400662
0.24740806
0.17973249
0.24713242
0.17951153
0.24723908
0.17912363
0.24678645
0.17810868
0.24629265
0.17808539
0.27972966
-0.659485
0.2465907
0.17944679
0.2465181
0.17934181
0.24643192
0.1793384
0.24623232
0.17951277
0.24617787
0.18055138
-0.2377907
-0.18312114
-0.23756555
-0.18288927
-0.23766276
-0.18252298
-0.23730803
-0.18151365
-0.23689681
-0.18145636
-0.085387506
0.70823205
-0.23711504
-0.18278867
-0.23705706
-0.18268223
-0.23698516
-0.18267292
-0.23681524
-0.18282656
-0.23674752
-0.18382293
0.2472125
0.1797061
0.2470169
0.17948733
0.24715509
0.17913942
0.24692047
0.1781838
0.24652043
0.17813155
-0.10590019
-0.6963377
0.24658345
0.179394
0.24653862
0.17929344
0.24646863
0.179285
0.24628319
0.17943156
0.24610211
0.18037754
-0.23762812
-0.18308216
-0.2374698
-0.18285769
-0.23759255
-0.18253253
-0.23741798
-0.18159537
-0.23708573
-0.18151678
0.30031952
0.6423927
-0.23711039
-0.18273705
-0.23707515
-0.182637
-0.23701695
-0.18262415
-0.23685938
-0.1827521
-0.2366878
-0.18365014
0.24705659
0.17966993
0.2469261
0.17945777
0.24708438
0.17914884
0.24701971
0.17826065
0.2467004
0.17818785
-0.4761703
-0.55629426
0.246585
0.17934509
0.24656157
0.17925046
0.2465054
0.17923859
0.24633537
0.17936091
0.24606301
0.18021369
-0.237499
-0.18303628
-0.23739493
-0.18282254
-0.23753338
-0.18253647
-0.23749907
-0.18167645
-0.23723432
-0.18158399
0.6273921
0.46072602
-0.23711272
-0.1826901
-0.2370953
-0.18259732
-0.23704892
-0.18258186
-0.23690434
-0.18268777
-0.23665906
-0.18348955
0.2469341
0.17962728
0.24685612
0.17942503
0.24702558
0.17915265
0.2470906
0.17833742
0.24683951
0.17825083
-0.77031773
-0.34703785
0.24659304
0.17930062
0.24658608
0.17921275
0.24654214
0.1791984
0.24638703
0.1792995
0.24605288
0.18006165
-0.23739769
-0.18298659
-0.23733716
-0.18278624
-0.23748441
-0.18253593
-0.23755628
-0.18175554
-0.237349
-0.18165447
0.8831065
0.21756642
-0.2371204
-0.18264772
-0.23711666
-0.18256271
-0.23708008
-0.18254611
-0.23694856
-0.18263225
-0.23665392
-0.1833424
