0.023790614679455757
0.012970971874892712
0.011156762950122356
0.017442738637328148
0.010091141797602177
0.006175369489938021
0.0069732400588691235
0.007331283297389746
0.007416693493723869
0.008044624701142311
0.0073683965019881725
0.005152224097400904
0.00383220543153584
0.004598310682922602
0.005640929099172354
0.005204212851822376
0.004159407690167427
0.00390656478703022
0.004108052235096693
0.0038878063205629587
0.003622725373134017
0.003877231851220131
0.004158881027251482
0.0038602822460234165
0.003331691026687622
0.00323505699634552
0.0035059121437370777
0.003602907294407487
0.0034428355284035206
0.0033671760465949774
0.0034269392490386963
0.0033720771316438913
0.0032101029064506292
0.0031799757853150368
0.0032800468616187572
0.00328416028060019
0.0031588973943144083
0.003081666072830558
0.003096045460551977
0.0030735128093510866
0.0029955210629850626
0.0029719790909439325
0.0029892895836383104
0.0029285643249750137
0.0028090288396924734
0.0027455019298940897
0.0027325721457600594
0.0026860879734158516
0.0026051655877381563
0.002535077976062894
0.002464261604472995
0.0023755240254104137
0.002300814026966691
0.002242718357592821
0.0021560813765972853
0.0020467014983296394
0.0019592971075326204
0.001885710982605815
0.0017991545610129833
0.0017120306147262454
0.001627395860850811
0.0015258205821737647
0.0014211771776899695
0.0013302862644195557
0.0012322206748649478
0.0011235495330765843
0.0010252053616568446
0.0009356281952932477
0.0008514188812114298
0.0007833197014406323
0.0007263898150995374
0.0006720024975948036
0.0006298155058175325
0.0006028125062584877
0.000580701744183898
0.0005626255297102034
0.0005502162966877222
0.0005393835599534214
0.0005319867050275207
0.0005283826030790806
0.0005211409297771752
0.0005109418416395783
0.0005022875848226249
0.0004915267927572131
0.00047745584743097425
0.0004625000583473593
0.0004465669917408377
0.00043199758511036634
0.0004199193499516696
0.0004076294135302305
0.0003961290349252522
0.000386885047191754
0.0003778939717449248
0.0003688876749947667
0.0003602475335355848
0.0003514133859425783
0.0003433323581703007
0.0003358838439453393
0.0003280745877418667
0.0003207701083738357
0.00031410393421538174
0.0003076113935094327
0.000301672174828127
0.0002959511475637555
0.00029050747980363667
0.00028579620993696153
0.00028129215934313834
0.0002769437851384282
0.0002728982362896204
0.000268906558630988
0.00026512049953453243
0.0002613739052321762
0.0002575046382844448
0.00025381281739100814
0.00025017489679157734
0.0002465120633132756
0.00024291961744893342
0.00023936650541145355
0.0002359935169806704
0.00023273035185411572
0.00022951200662646443
0.00022648465528618544
0.00022357447596732527
0.00022076161985751241
0.0002180347073590383
0.00021535545238293707
0.0002127874904545024
0.00021026343165431172
0.00020777378813363612
0.0002053469215752557
0.0002029447932727635
0.000200591966859065
0.00019825466733891517
0.0001959474611794576
0.00019369205983821303
0.00019147153943777084
0.0001893036678666249
0.00018717475177254528
0.0001850972621468827
0.00018306718266103417
0.00018106485367752612
0.00017910216411110014
0.00017717275477480143
0.0001752829848555848
0.00017342044156976044
0.00017158717673737556
0.00016978828352876008
0.00016801549645606428
0.0001662729773670435
0.00016455675358884037
0.0001628759637242183
0.00016122938541229814
0.00015961707686074078
0.0001580410753376782
0.00015650183195248246
0.0001549991429783404
0.0001535300980322063
0.00015209725825116038
0.00015070043446030468
0.0001493387680966407
0.00014801189536228776
0.00014671818644274026
0.000145458965562284
0.0001442340580979362
0.00014304174692369998
0.00014188315253704786
0.0001407594681950286
0.00013967009726911783
0.0001386146614095196
0.0001375933934468776
0.00013660699187312275
0.00013565276458393782
0.0001347320940112695
0.00013384486373979598
0.00013298918202053756
0.00013216522347647697
0.00013137124187778682
0.00013060765923000872
0.00012987360241822898
0.0001291669177589938
0.00012848788173869252
0.0001278367271879688
0.00012721147504635155
0.00012661157234106213
0.00012603586947079748
0.0001254850358236581
0.0001249574706889689
0.00012445222819224
0.00012396808597259223
0.0001235056115547195
0.0001230626949109137
0.00012263882672414184
0.00012223342491779476
0.00012184524530312046
0.00012147334200562909
0.00012111788964830339
0.00012077714927727357
0.00012045032781315967
0.0001201371123897843
0.00011983710282947868
0.00011954897490795702
0.00011927188461413607
0.00011900577374035493
0.00011875012569362298
0.00011850267765112221
0.00011826534318970516
0.0001180362087325193
0.00011781482317019254
0.00011760104825953022
0.00011739397450583056
0.00011719327449100092
0.00011699896276695654
0.00011680988973239437
0.00011662654287647456
0.00011644806363619864
0.0001162745465990156
0.0001161051623057574
0.00011593994713621214
0.00011577800614759326
0.00011562005238374695
0.00011546557652764022
0.00011531383643159643
0.0001151652613771148
0.00011501918925205246
0.00011487587471492589
0.00011473456106614321
0.00011459575762273744
0.00011445976269897074
0.00011432420433266088
0.0001141912944149226
0.00011406005069147795
0.00011393013846827671
0.00011380196519894525
0.00011367493425495923
0.00011354866728652269
0.00011342469224473462
0.0001133012046921067
0.00011317839380353689
0.00011305696534691378
0.00011293646821286529
0.00011281673505436629
0.00011269767855992541
0.00011257934966124594
0.00011246146459598094
0.0001123439142247662
0.00011222744069527835
0.00011211114178877324
0.00011199509754078463
0.00011188005737494677
0.00011176510452060029
0.00011165004252688959
0.00011153591913171113
0.00011142165021738037
0.00011130777420476079
0.00011119376722490415
0.0001110805751523003
0.00011096707748947665
0.00011085404548794031
0.00011074038047809154
0.00011062805424444377
0.00011051445471821353
0.00011040156823582947
0.0001102890819311142
0.00011017626820830628
0.0001100636727642268
0.00010995073535013944
0.00010983824904542416
0.00010972512245643884
0.00010961212683469057
0.00010949924762826413
0.00010938670311588794
0.0001092735183192417
0.0001091605081455782
0.00010904758528340608
0.00010893421131186187
0.00010882101923925802
0.00010870823462028056
0.00010859464237000793
0.00010848062811419368
0.00010836739238584414
0.00010825372737599537
0.00010814003326231614
0.00010802614269778132
0.00010791207023430616
0.00010779812873806804
0.00010768394713522866
0.00010756964911706746
0.00010745495092123747
0.00010734050738392398
0.00010722607839852571
0.0001071110091288574
0.00010699623817345127
0.00010688097245292738
0.00010676578676793724
0.00010665043373592198
0.00010653519711922854
0.00010641943663358688
0.00010630356700858101
0.00010618787200655788
0.0001060721479007043
0.00010595588537398726
0.0001058392517734319
0.00010572287283139303
0.00010560634837020189
0.00010548956197453663
0.00010537321213632822
0.0001052558291121386
0.00010513848246773705
0.00010502115037525073
0.00010490378917893395
0.00010478577314643189
0.000104668150015641
0.00010455033770995215
0.00010443233622936532
0.00010431396367494017
0.0001041951691149734
0.00010407698573544621
0.00010395784920547158
0.00010383904009358957
0.00010371973621658981
0.000103600716101937
0.00010348108480684459
0.0001033615626511164
0.00010324172035325319
0.00010312211088603362
0.00010300124267814681
0.00010288117482559755
0.00010276042303303257
0.0001026406025630422
0.0001025190795189701
0.0001023986260406673
0.00010227703751297668
0.00010215581278316677
0.00010203390411334112
0.00010191229375777766
0.00010179013042943552
0.00010166825086344033
0.00010154569463338703
0.00010142357496079057
0.00010130071314051747
0.00010117769124917686
0.00010105458204634488
0.00010093090531881899
0.00010080759966513142
0.00010068396659335122
0.00010055994789581746
0.00010043639485957101
0.00010031169222202152
0.00010018670582212508
0.00010006281081587076
9.993774438044056e-05
9.981224866351113e-05
9.968680387828499e-05
9.956100984709337e-05
9.943576151272282e-05
9.93092980934307e-05
9.918301657307893e-05
9.90570115391165e-05
9.893022797768936e-05
9.880342258838937e-05
9.867620246950537e-05
9.854895324679092e-05
9.842099098023027e-05
9.829321061260998e-05
9.81655393843539e-05
9.803693683352321e-05
9.790851618163288e-05
9.777963714441285e-05
9.765035065356642e-05
9.752155892783776e-05
9.739165398059413e-05
9.726214193506166e-05
9.713195322547108e-05
9.70017135841772e-05
9.687114652479067e-05
9.67404484981671e-05
9.660966316005215e-05
9.647866681916639e-05
9.634737216401845e-05
9.621508797863498e-05
9.608355321688578e-05
9.595110168447718e-05
9.581878111930564e-05
9.568528912495822e-05
9.555257565807551e-05
9.541944018565118e-05
9.528528607916087e-05
9.515185956843197e-05
9.501723252469674e-05
9.488319483352825e-05
9.474818216403946e-05
9.461330046178773e-05
9.447793854633346e-05
9.434243838768452e-05
9.420640708412975e-05
9.40702302614227e-05
9.393366053700447e-05
9.379726543556899e-05
9.366011363454163e-05
9.352252527605742e-05
9.338495874544606e-05
9.324705752078444e-05
9.310863970313221e-05
9.297027281718329e-05
9.283116378355771e-05
9.269174915971234e-05
9.255284385289997e-05
9.241258521797135e-05
9.227232658304274e-05
9.213192242896184e-05
9.199132182402536e-05
9.185002272715792e-05
9.170880366582423e-05
9.156719170277938e-05
9.142477938439697e-05
9.128265810431913e-05
9.113984560826793e-05
9.099677845370024e-05
9.085400233743712e-05
9.070972009794787e-05
9.05657943803817e-05
9.042101009981707e-05
9.027596388477832e-05
9.0131135948468e-05
8.998578414320946e-05
8.983955922303721e-05
8.96934507181868e-05
8.954712393460795e-05
8.940015686675906e-05
8.925256406655535e-05
8.910477481549606e-05
8.895724022295326e-05
8.880878158379346e-05
8.865969721227884e-05
8.851074380800128e-05
8.836085180519149e-05
8.821149822324514e-05
8.806118421489373e-05
8.791030268184841e-05
8.775930473348126e-05
8.760730270296335e-05
8.745619561523199e-05
8.730397530598566e-05
8.715125295566395e-05
8.699816680746153e-05
8.684501517564058e-05
8.669088128954172e-05
8.653695113025606e-05
8.638227882329375e-05
8.622726454632357e-05
8.607188647147268e-05
8.59158972161822e-05
8.57595878187567e-05
8.560282731195912e-05
8.544602314941585e-05
8.528828766429797e-05
8.513071952620521e-05
8.497237286064774e-05
8.481370605295524e-05
8.465398423140869e-05
8.44947062432766e-05
8.433487528236583e-05
8.417462959187105e-05
8.401319792028517e-05
8.385207183891907e-05
8.368991257157177e-05
8.35278260638006e-05
8.336527389474213e-05
8.32017176435329e-05
8.303805225295946e-05
8.287421223940328e-05
8.270963007817045e-05
8.254496060544625e-05
8.237950532929972e-05
8.22137008071877e-05
8.204725600080565e-05
8.188044012058526e-05
8.17131221992895e-05
8.15454768599011e-05
8.137769327731803e-05
8.120861457427964e-05
8.103937580017373e-05
8.086988964350894e-05
8.069984323810786e-05
8.052896009758115e-05
8.035838982323185e-05
8.018661173991859e-05
8.00143025116995e-05
7.984201511135325e-05
7.966933480929583e-05
7.949557766551152e-05
7.932137668831274e-05
7.914738671388477e-05
7.897223258623853e-05
7.879671466071159e-05
7.862078200560063e-05
7.844413630664349e-05
7.826737419236451e-05
7.80899717938155e-05
7.791187817929313e-05
7.773343531880528e-05
7.755425031064078e-05
7.737490523140877e-05
7.719507993897423e-05
7.701457070652395e-05
7.683350122533739e-05
7.665176235605031e-05
7.646971789654344e-05
7.628752064192668e-05
7.61046539992094e-05
7.592053589178249e-05
7.573665061499923e-05
7.555204501841217e-05
7.536701741628349e-05
7.518105849158019e-05
7.499497587559745e-05
7.480820931959897e-05
7.462105713784695e-05
7.443351933034137e-05
7.424499199260026e-05
7.405598444165662e-05
7.386644574580714e-05
7.367699436144903e-05
7.348632061621174e-05
7.329525396926329e-05
7.310426735784858e-05
7.291244401130825e-05
7.271960930665955e-05
7.252664363477379e-05
7.233289943542331e-05
7.213884236989543e-05
7.194423960754648e-05
7.174917118391022e-05
7.155333150876686e-05
7.135727355489507e-05
7.116037886589766e-05
7.09631058271043e-05
7.07652943674475e-05
7.056706090224907e-05
7.03683981555514e-05
7.016871677478775e-05
6.996891170274466e-05
6.976867734920233e-05
6.956735160201788e-05
6.93657566444017e-05
6.916424899827689e-05
6.896122795296833e-05
6.875851977383718e-05
6.855500396341085e-05
6.835046224296093e-05
6.814616790506989e-05
6.794068758608773e-05
6.77353236824274e-05
6.752931221853942e-05
6.73220565658994e-05
6.711487367283553e-05
6.690729787806049e-05
6.669898721156642e-05
6.649044371442869e-05
6.628123082919046e-05
6.607161776628345e-05
6.586113886442035e-05
6.565039802808315e-05
6.543940980918705e-05
6.522767944261432e-05
6.501540337922052e-05
6.480274169007316e-05
6.458970165112987e-05
6.43757448415272e-05
6.416159885702655e-05
6.39470963506028e-05
6.37318444205448e-05
6.351640331558883e-05
6.330044561764225e-05
6.308376759989187e-05
6.286658754106611e-05
6.264903640840203e-05
6.243152165552601e-05
6.221320654731244e-05
6.19944476056844e-05
6.177505565574393e-05
6.155532173579559e-05
6.133557326393202e-05
6.111493712523952e-05
6.0893824411323294e-05
6.067246795282699e-05
6.045077316230163e-05
6.022848538123071e-05
6.000616849632934e-05
5.978256740490906e-05
5.9559275541687384e-05
5.9335750847822055e-05
5.911138578085229e-05
5.8886904298560694e-05
5.8661989896791056e-05
5.843657345394604e-05
5.821093145641498e-05
5.7984991144621745e-05
5.775859608547762e-05
5.7531789934728295e-05
5.730461998609826e-05
5.7077300880337134e-05
5.6849436077754945e-05
5.662172770826146e-05
5.639317532768473e-05
5.616459748125635e-05
5.5935426644282416e-05
5.570633948082104e-05
5.5476848501712084e-05
5.52469355170615e-05
5.501676787389442e-05
5.47860654478427e-05
5.4555821407120675e-05
5.432472244137898e-05
5.4093565267976373e-05
5.386221164371818e-05
5.363097443478182e-05
5.33988350071013e-05
5.316701208357699e-05
5.293496360536665e-05
5.2702722314279526e-05
5.246989167062566e-05
5.2237101044738665e-05
5.200415398576297e-05
5.177093771635555e-05
5.1537947001634166e-05
5.1304530643392354e-05
5.1070812332909554e-05
5.083741052658297e-05
5.060379407950677e-05
5.036994116380811e-05
5.0135986384702846e-05
4.990228626411408e-05
4.966800770489499e-05
4.943394014844671e-05
4.919958155369386e-05
4.8965594032779336e-05
4.87310862808954e-05
4.8497266107006e-05
4.8262365453410894e-05
4.802822877536528e-05
4.779442315339111e-05
4.755968984682113e-05
4.732576780952513e-05
4.709122731583193e-05
4.6857177949277684e-05
4.6623270463896915e-05
4.638918107957579e-05
4.6155560994520783e-05
4.592147161019966e-05
4.568777876556851e-05
4.545442061498761e-05
4.5220735046314076e-05
4.498752241488546e-05
4.475412788451649e-05
4.4521144445752725e-05
4.428840475156903e-05
4.4055821490474045e-05
4.382321276352741e-05
4.3591247958829626e-05
4.3359181290725246e-05
4.312724558985792e-05
4.2895888327620924e-05
4.266453470336273e-05
4.243324656272307e-05
4.220271875965409e-05
4.1972245526267216e-05
4.1741943277884275e-05
4.1512364987283945e-05
4.128276850678958e-05
4.1053597669815645e-05
4.0824921597959474e-05
4.059627099195495e-05
4.0368504414800555e-05
4.014072328573093e-05
3.991366611444391e-05
3.9686838135821745e-05
3.946077777072787e-05
3.923465555999428e-05
3.900985393556766e-05
3.878581628669053e-05
3.856253533740528e-05
3.834089875454083e-05
3.8122485420899466e-05
3.7908794183749706e-05
3.7703208363382146e-05
3.7513436836889014e-05
3.7352892832132056e-05
3.725038914126344e-05
3.72578579117544e-05
3.7495534343179315e-05
3.816304888459854e-05
3.979598841397092e-05
4.3131745769642293e-05
5.067055462859571e-05
6.443903839681298e-05
9.580417827237397e-05
0.0001404573704348877
0.00023570308985654265
0.00027886574389413
0.00033194947172887623
0.0001854117726907134
6.242476229090244e-05
4.477963375393301e-05
0.00012327013246249408
0.00018863219884224236
0.00011510223703226075
4.169956446276046e-05
5.103186776977964e-05
0.00010233154171146452
0.00010784957703435794
4.9982951168203726e-05
3.8950671296333894e-05
7.646228914381936e-05
7.933685265015811e-05
4.7067253035493195e-05
3.4814489481505007e-05
5.7380129874218255e-05
6.731601024512202e-05
4.3961365008726716e-05
3.327073864056729e-05
4.851031189900823e-05
5.3496256441576406e-05
4.029300544061698e-05
3.188637492712587e-05
4.1281786252511665e-05
4.698137490777299e-05
3.770721741602756e-05
3.081032264162786e-05
3.6237343010725453e-05
4.0504102798877284e-05
3.5926328564528376e-05
3.0097467970335856e-05
3.222088344045915e-05
3.635098255472258e-05
3.422755980864167e-05
2.977567055495456e-05
2.95049358101096e-05
3.2406518585048616e-05
3.264708720962517e-05
2.968777516798582e-05
2.8012618713546544e-05
2.9457085474859923e-05
3.055881825275719e-05
2.9466813430190086e-05
2.7498716008267365e-05
2.737877548497636e-05
2.8394621040206403e-05
2.856499850167893e-05
2.737846807576716e-05
2.6410447389935143e-05
2.6555291697150096e-05
2.713141293497756e-05
2.6925465135718696e-05
2.6097852241946384e-05
2.5525181627017446e-05
2.5625167836551555e-05
2.5879180611809716e-05
2.566551665950101e-05
2.5108329282375053e-05
2.4698565539438277e-05
2.4688042685738765e-05
2.477349880791735e-05
2.462447082507424e-05
2.4236831450252794e-05
2.390835106780287e-05
2.3790340492269024e-05
2.37922777159838e-05
2.367963497817982e-05
2.3425071049132384e-05
2.313848199264612e-05
2.2971131329541095e-05
2.2894731955602765e-05
2.2808373614680022e-05
2.2628817532677203e-05
2.2402451577363536e-05
2.2205469576874748e-05
2.2081298084231094e-05
2.1980948076816276e-05
2.1853002181160264e-05
2.1676016331184655e-05
2.1490917788469233e-05
2.13328494282905e-05
2.121050601999741e-05
2.109379965986591e-05
2.0957697415724397e-05
2.0799214325961657e-05
2.063954707409721e-05
2.049572140094824e-05
2.0370560378069058e-05
2.0248535292921588e-05
2.011731339734979e-05
1.9974208044004627e-05
1.982976209546905e-05
1.9693206922966056e-05
1.956697815330699e-05
1.9444720237515867e-05
1.9319810235174373e-05
1.918918678711634e-05
1.9056289602303877e-05
1.8925855329143815e-05
1.8800763427861966e-05
1.868008439487312e-05
1.8560380340204574e-05
1.8439042833051644e-05
1.8315880879526958e-05
1.8192573406849988e-05
1.807113403629046e-05
1.7952934285858646e-05
1.783699553925544e-05
1.772204996086657e-05
1.7606589608476497e-05
1.7491269318270497e-05
1.7375716197420843e-05
1.7261489119846374e-05
1.714899917715229e-05
1.7038006262737326e-05
1.6928244804148562e-05
1.6819285519886762e-05
1.671071004238911e-05
1.660254565649666e-05
1.6494819647050463e-05
1.6388017684221268e-05
1.6282579963444732e-05
1.617805173736997e-05
1.6074611266958527e-05
1.597221489646472e-05
1.5870260540395975e-05
1.5769093806738965e-05
1.566870378155727e-05
1.5568868548143655e-05
1.5469764548470266e-05
1.5371704648714513e-05
1.5274457837222144e-05
1.5178281500993762e-05
1.5082947356859222e-05
1.4987982467573602e-05
1.4894127161824144e-05
1.4800821190874558e-05
1.4708295566379093e-05
1.4616569387726486e-05
1.4525531696563121e-05
1.4435122466238681e-05
1.4345474482979625e-05
1.4256692338676658e-05
1.4168633242661599e-05
1.4081465451454278e-05
1.3994747860124335e-05
1.3909032531955745e-05
1.3823870176565833e-05
1.3739372661802918e-05
1.3655548173119314e-05
1.3572599527833518e-05
1.3490114724845625e-05
1.3408630366029684e-05
1.3327487067726906e-05
1.3247114111436531e-05
1.3167529687052593e-05
1.3088440027786419e-05
1.3010202565055806e-05
1.293250170419924e-05
1.2855483873863705e-05
1.277898991247639e-05
1.2703273569059093e-05
1.2628142030735034e-05
1.2553624401334673e-05
1.2479838005674537e-05
1.2406432688294444e-05
1.2334095117694233e-05
1.226196764037013e-05
1.2190608686069027e-05
1.211977632920025e-05
1.204955879074987e-05
1.1979764167335816e-05
1.1910855391761288e-05
1.18424286483787e-05
1.1774346603488084e-05
1.170703035313636e-05
1.1640407137747388e-05
1.1574044947337825e-05
1.150856951426249e-05
1.144355792348506e-05
1.137911112891743e-05
1.1315241863485426e-05
1.1251786418142729e-05
1.118928412324749e-05
1.1127403013233561e-05
1.1066226761613507e-05
1.1006266504409723e-05
1.0947730515908916e-05
1.0891284546232782e-05
1.08381991594797e-05
1.079031153494725e-05
1.0751327863545157e-05
1.0727710105129518e-05
1.0731503607530612e-05
1.0782864592329133e-05
1.0924737580353394e-05
1.1220846317883115e-05
1.1824634384538513e-05
1.2939131011080462e-05
1.5144114513532259e-05
1.9017179511138238e-05
2.6839621568797156e-05
3.960154936066829e-05
6.612353899981827e-05
0.00010157405631616712
0.00017396007024217397
0.0002215011918451637
0.0002984535531140864
0.00022173163597472012
0.00012621487258002162
2.441503238514997e-05
2.499322908988688e-05
9.811358904698864e-05
0.00012818077811971307
9.872482041828334e-05
2.7132262403029017e-05
1.56447622430278e-05
5.887377847102471e-05
7.447454117937014e-05
4.521568916970864e-05
1.2153792340541258e-05
2.4342791220988147e-05
5.177824277780019e-05
4.251179052516818e-05
1.7087344531319104e-05
1.269412041438045e-05
2.9664672183571383e-05
3.6166664358461276e-05
2.0077230146853253e-05
1.026914924295852e-05
1.8443095541442744e-05
2.620597297209315e-05
2.0596782633219846e-05
1.0863202987820841e-05
1.213212453876622e-05
1.9235885702073574e-05
1.8576329239294864e-05
1.2055326806148514e-05
9.55185623752186e-06
1.3414633031061385e-05
1.6126396076288074e-05
1.304609850194538e-05
9.385952580487356e-06
9.92463083093753e-06
1.2587955097842496e-05
1.2816300113627221e-05
1.0243717042612843e-05
8.782043551036622e-06
9.91739761957433e-06
1.1273015843471512e-05
1.0745001418399625e-05
9.11323877517134e-06
8.605246875958983e-06
9.479565960646141e-06
1.0110185939993244e-05
9.570143447490409e-06
8.60679938341491e-06
8.432805771008134e-06
8.98878261068603e-06
9.289253284805454e-06
8.897525731299538e-06
8.319809239765164e-06
8.22376568976324e-06
8.541961506125517e-06
8.704066203790717e-06
8.459996934107039e-06
8.099400474748109e-06
8.01272108219564e-06
8.178841198969167e-06
8.274599167634733e-06
8.132768016366754e-06
7.901066055637784e-06
7.813979209458921e-06
7.887368155934382e-06
7.944446224428248e-06
7.865692168707028e-06
7.714568710071035e-06
7.630994332430419e-06
7.648882274224889e-06
7.678453584958334e-06
7.635807378392201e-06
7.536715656897286e-06
7.461625045834808e-06
7.447685220540734e-06
7.456121238647029e-06
7.431376161548542e-06
7.366366844507866e-06
7.3021783464355394e-06
7.271498361660633e-06
7.263753559527686e-06
7.24554456610349e-06
7.201760126918089e-06
7.149530119932024e-06
7.112253115337808e-06
7.092713985912269e-06
7.074388577166246e-06
7.042996458039852e-06
7.001379344728775e-06
6.963319265196333e-06
6.936465524631785e-06
6.915339781699004e-06
6.889907581353327e-06
6.85663144395221e-06
6.821545412094565e-06
6.7913997554569505e-06
6.76670924804057e-06
6.7426913119561505e-06
6.71505631544278e-06
6.6842135311162565e-06
6.6539814724819735e-06
6.627181392104831e-06
6.60270643493277e-06
6.577677140739979e-06
6.550595117005287e-06
6.522285275423201e-06
6.4950545493047684e-06
6.4696969275246374e-06
6.44541842120816e-06
6.4204673435597215e-06
6.394681804522406e-06
6.36840832157759e-06
6.342875167320017e-06
6.318616669886978e-06
6.294704689935315e-06
6.270611720538e-06
6.246018529054709e-06
6.2212989178078715e-06
6.197149104991695e-06
6.173659130581655e-06
6.150471563159954e-06
6.127215328888269e-06
6.103781288402388e-06
6.080440925870789e-06
6.057375230739126e-06
6.0346869759086985e-06
6.012186531734187e-06
5.989933924865909e-06
5.967405286355643e-06
5.945175416854909e-06
5.923006028751843e-06
5.901175882172538e-06
5.879698619537521e-06
5.858124950464116e-06
5.836751824972453e-06
5.8153154895990156e-06
5.794120625068899e-06
5.773101293016225e-06
5.752307515649591e-06
5.731670171371661e-06
5.711066478397697e-06
5.690608759323368e-06
5.670226073561935e-06
5.6499720813008025e-06
5.629980023513781e-06
5.610004336631391e-06
5.590226919593988e-06
5.570666417042958e-06
5.5510486163257156e-06
5.5316240832326e-06
5.5123173297033645e-06
5.493185199156869e-06
5.474158115248429e-06
5.455191057990305e-06
5.4362849368772e-06
5.417718057287857e-06
5.399069323175354e-06
5.380657512432663e-06
5.362289357435657e-06
5.344066721590934e-06
5.325965503288899e-06
5.307896572048776e-06
5.2900263654009905e-06
5.27225120094954e-06
5.254587904346408e-06
5.237081040831981e-06
5.219661943556275e-06
5.2022419367858674e-06
5.185065674595535e-06
5.167965809960151e-06
5.150901870365487e-06
5.134031653142301e-06
5.117186901770765e-06
5.100441740069073e-06
5.0837602429965045e-06
5.067315669293748e-06
5.050959316577064e-06
5.034512923884904e-06
5.0183293751615565e-06
5.0022040340991225e-06
4.9861387196870055e-06
4.970251666236436e-06
4.954398264089832e-06
4.93859215566772e-06
4.923029791825684e-06
4.907411039312137e-06
4.891932803730015e-06
4.876655111729633e-06
4.8613287617627066e-06
4.846116098633502e-06
4.831031674257247e-06
4.815925422008149e-06
4.8010929276642855e-06
4.786211775353877e-06
4.771487965626875e-06
4.756771886604838e-06
4.742124929180136e-06
4.727726263809018e-06
4.7133044063230045e-06
4.6988611757114995e-06
4.6845784709148575e-06
4.670428097597323e-06
4.656404144043336e-06
4.642345629690681e-06
4.628420356311835e-06
4.6144855332386214e-06
4.600682586897165e-06
4.587017429003026e-06
4.573411388264503e-06
4.559879016596824e-06
4.546413947537076e-06
4.532969342108117e-06
4.5195952225185465e-06
4.506318873609416e-06
4.493162123253569e-06
4.480119514482794e-06
4.4670737224805634e-06
4.454088866623351e-06
4.441157216206193e-06
4.428389729582705e-06
4.4155408431834076e-06
4.402926606417168e-06
4.390351023175754e-06
4.3778227336588316e-06
4.36533082392998e-06
4.352927135187201e-06
4.3405375436122995e-06
4.328272552811541e-06
4.316136710258434e-06
4.303929472371237e-06
4.291816367185675e-06
4.2798728827619925e-06
4.2679971556935925e-06
4.2560413930914365e-06
4.244195224600844e-06
4.232432729622815e-06
4.220633400109364e-06
4.209088729112409e-06
4.1975717977038585e-06
4.186033038422465e-06
4.174567493464565e-06
4.163202902418561e-06
4.151821940467926e-06
4.140609235037118e-06
4.129295575694414e-06
4.11822338719503e-06
4.107220320292981e-06
4.096073553228052e-06
4.085120508534601e-06
4.0741315388004296e-06
4.063359938299982e-06
4.052520580444252e-06
4.041803549625911e-06
4.031079697597306e-06
4.020301730633946e-06
4.009855729236733e-06
3.999278305855114e-06
3.98880092689069e-06
3.978424047090812e-06
3.968025339418091e-06
3.957669832743704e-06
3.947439836338162e-06
3.937152541766409e-06
3.927043508156203e-06
3.916914465662558e-06
3.906860001734458e-06
3.896823272953043e-06
3.886937975039473e-06
3.876966729876585e-06
3.8671087168040685e-06
3.8573521123907994e-06
3.847509105980862e-06
3.837855274468893e-06
3.82815278499038e-06
3.818558525381377e-06
3.808950168604497e-06
3.7994868762325495e-06
3.789933089137776e-06
3.7805568808835233e-06
3.7711672575824196e-06
3.7618683563778177e-06
3.752534667000873e-06
3.7432935187098337e-06
3.734114670805866e-06
3.7249972137942677e-06
3.715834736794932e-06
3.7067786706757033e-06
3.6977742183808004e-06
3.6888245631416794e-06
3.6798533074033912e-06
3.671066224342212e-06
3.6621756862587063e-06
3.6533226648316486e-06
3.6445503610593732e-06
3.635908342403127e-06
3.627244950621389e-06
3.618523578552413e-06
3.6099816043133615e-06
3.6015208024764434e-06
3.5929774639953393e-06
3.5844805097440258e-06
3.576119297576952e-06
3.567686917449464e-06
3.5594093787949532e-06
3.551071131369099e-06
3.542782224030816e-06
3.534544703143183e-06
3.526351065374911e-06
3.518246330713737e-06
3.5101086268696235e-06
3.5020680115849245e-06
3.4939766919706017e-06
3.486030664134887e-06
3.478086000541225e-06
3.470109959380352e-06
3.4622842122189468e-06
3.4543759284133557e-06
3.4465881526557496e-06
3.4388249332550913e-06
3.4310794490011176e-06
3.4233942187711364e-06
3.415733544898103e-06
3.4080521800206043e-06
3.400489504201687e-06
3.3930073186638765e-06
3.385382569831563e-06
3.3778926535887877e-06
3.3705368878145237e-06
3.363037194503704e-06
3.3556564176251413e-06
3.3483729566796683e-06
3.3410490232199663e-06
3.3337719287374057e-06
3.326514843138284e-06
3.319215011288179e-06
3.31212845594564e-06
3.304932761238888e-06
3.2978439321595943e-06
3.2907971672102576e-06
3.283625346739427e-06
3.2766884032753296e-06
3.2697064398234943e-06
3.2627806376694934e-06
3.2559303235757397e-06
3.248924031140632e-06
3.2420878142147558e-06
3.235225221942528e-06
3.228455625503557e-06
3.221694441890577e-06
3.2149796425073873e-06
3.2083050882647512e-06
3.201643721695291e-06
3.1950305583450245e-06
3.18834145218716e-06
3.1817512535781134e-06
3.1751803817314794e-06
3.1687438877270324e-06
3.162180064464337e-06
3.1558154205413302e-06
3.1492550078837667e-06
3.142912646580953e-06
3.136536633974174e-06
3.130177674393053e-06
3.123867372778477e-06
3.1176023185253143e-06
3.1113058867049403e-06
3.1050760753714712e-06
3.098883098573424e-06
3.09267898046528e-06
3.0865130611346103e-06
3.08043149743753e-06
3.074358573940117e-06
3.06824540530215e-06
3.062236146433861e-06
3.0562698611902306e-06
3.0502369554596953e-06
3.0443839023064356e-06
3.03845081361942e-06
3.0325388706842205e-06
3.0267394777183654e-06
3.0209341730369488e-06
3.0151613827911206e-06
3.0095204692770494e-06
3.00388296636811e-06
2.9983364129293477e-06
2.9928478397778235e-06
2.9875434393034084e-06
2.9823315799148986e-06
2.9773154892609455e-06
2.9725524655077606e-06
2.9681314117624424e-06
2.964115083159413e-06
2.960675828944659e-06
2.958142658826546e-06
2.9565624117822153e-06
2.95661857308005e-06
2.958615141324117e-06
2.9633458780153887e-06
2.972132051581866e-06
2.9861128041375196e-06
3.007896111739683e-06
3.039726607312332e-06
3.087222467001993e-06
3.1538072562398156e-06
3.2519430988031672e-06
3.3876906400109874e-06
3.588182835301268e-06
3.8607727219641674e-06
4.268066277290927e-06
4.8108017836057115e-06
5.6338549256906845e-06
6.696375749015715e-06
8.337756298715249e-06
1.0353785000916105e-05
1.353384413960157e-05
1.70961666299263e-05
2.2799818907515146e-05
2.8149628633400425e-05
3.670607111416757e-05
4.1996150685008615e-05
5.026133294450119e-05
4.964157415088266e-05
4.944616011925973e-05
3.825101157417521e-05
2.7060612410423346e-05
1.3794144251733087e-05
5.3495250540436246e-06
2.8796232527383836e-06
5.817479177494533e-06
1.1514247489685658e-05
1.598866583663039e-05
1.798752236936707e-05
1.5089074622665066e-05
1.0454929906700272e-05
5.53219842913677e-06
3.0180167414073367e-06
3.4212439459224697e-06
5.708391199732432e-06
8.182948477042373e-06
9.051253982761409e-06
8.320170309161767e-06
6.132463113317499e-06
4.022139819426229e-06
2.863750069082016e-06
3.007817213074304e-06
4.019578682346037e-06
5.0603093768586405e-06
5.550025889533572e-06
5.146500370756257e-06
4.264543804310961e-06
3.313609568067477e-06
2.773205778794363e-06
2.779410351649858e-06
3.1776705782249337e-06
3.657349907371099e-06
3.906010078935651e-06
3.839457349386066e-06
3.4850650081352796e-06
3.0667272312712157e-06
2.758975824690424e-06
2.66896199718758e-06
2.7763371690525673e-06
2.9729387733823387e-06
3.1353381473309128e-06
3.1710001167084556e-06
3.0821506697975565e-06
2.911865294663585e-06
2.747504822764313e-06
2.6486570732231485e-06
2.6376092137070373e-06
2.6935560981655726e-06
2.7699124984792434e-06
2.821858288371004e-06
2.8215413294674363e-06
2.7748819775297306e-06
2.7032033358409535e-06
2.63828519564413e-06
2.6012182843260234e-06
2.597808133941726e-06
2.6186260129179573e-06
2.6455802526470507e-06
2.6621462438924937e-06
2.658518496900797e-06
2.637242232594872e-06
2.6069412797369296e-06
2.5796430236368906e-06
2.5630051823100075e-06
2.559240556365694e-06
2.5647918846516404e-06
2.5729832486831583e-06
2.57737269748759e-06
2.574255859144614e-06
2.5642532364145154e-06
2.5505978555884212e-06
2.5374984033987857e-06
2.5282556634920184e-06
2.5240456125175115e-06
2.5235428893211065e-06
2.524524006730644e-06
2.5244764856324764e-06
2.521747092032456e-06
2.5162066776829306e-06
2.5090348572121e-06
2.5016536255861865e-06
2.4955124899861403e-06
2.4911410037020687e-06
2.488368863851065e-06
2.48650940193329e-06
2.484511242073495e-06
2.4817604753479827e-06
2.478010628692573e-06
2.473440872563515e-06
2.4686180495336885e-06
2.463993723722524e-06
2.4598480194981676e-06
2.456444462950458e-06
2.4533421765227104e-06
2.4506391582690412e-06
2.4477485567331314e-06
2.44454417952511e-06
2.4410289825027576e-06
2.437275725242216e-06
2.433415374980541e-06
2.4298078642459586e-06
2.4262865281343693e-06
2.422988927719416e-06
2.4199446215789067e-06
2.4168805339286337e-06
2.4138382741512032e-06
2.4106136606860673e-06
2.407427245998406e-06
2.404082124485285e-06
2.400742005193024e-06
2.397427124378737e-06
2.394189550614101e-06
2.391090220044134e-06
2.387909034951008e-06
2.3849036097089993e-06
2.381862941547297e-06
2.378775889155804e-06
2.3757177132210927e-06
2.372631797697977e-06
2.36954247156973e-06
2.3664692889724392e-06
2.363357452850323e-06
2.360359530939604e-06
2.3573377347929636e-06
2.3543905172118684e-06
2.351448301851633e-06
2.3484628854930634e-06
2.3455106656911084e-06
2.342550487810513e-06
2.339625325475936e-06
2.3366801542579196e-06
2.3337934180744924e-06
2.3308659820031608e-06
2.3279710603674175e-06
2.325137074876693e-06
2.322264890608494e-06
2.319396571692778e-06
2.3165155198512366e-06
2.3137083644542145e-06
2.3109500943974126e-06
2.3081759081833297e-06
2.305280759173911e-06
2.302574102941435e-06
2.299766492797062e-06
2.29706461141177e-06
2.294266778335441e-06
2.2915503450349206e-06
2.288813675477286e-06
2.2861249817651697e-06
2.283352387166815e-06
2.2807189452578314e-06
2.2780161543778377e-06
2.2753561097488273e-06
2.272631945743342e-06
2.2700253339280607e-06
2.2673423245578306e-06
2.2647598143521463e-06
2.2621122752752854e-06
2.2594936126552057e-06
2.256896095786942e-06
2.254241735499818e-06
2.2517674551636446e-06
2.2491371964861173e-06
2.246577651021653e-06
2.244071310997242e-06
2.241532456537243e-06
2.2389679088519188e-06
2.2364545202435693e-06
2.233909981441684e-06
2.231377720818273e-06
2.2288725176622393e-06
2.226436208729865e-06
2.2239514692046214e-06
2.2214805994735798e-06
2.2190031359059503e-06
2.216612983829691e-06
2.2141323370306054e-06
2.211696482845582e-06
2.209283820775454e-06
2.2068643374950625e-06
2.2044800971343648e-06
2.202077894253307e-06
2.199705249950057e-06
2.1972946342430077e-06
2.1949788333586184e-06
2.1925893634033855e-06
2.190243776567513e-06
2.187881364079658e-06
2.185570338042453e-06
2.1832488528161775e-06
2.1809573809150606e-06
2.178616796300048e-06
2.176355110350414e-06
2.1739836029155413e-06
2.171783762605628e-06
2.1694856968679233e-06
2.1672342427336844e-06
2.1649443624482956e-06
2.1627395199175226e-06
2.160453277610941e-06
2.1582457065960625e-06
2.156027676392114e-06
2.153794639525586e-06
2.1516116248676553e-06
2.1493849544640398e-06
2.14716897062317e-06
2.144992777175503e-06
2.142853645636933e-06
2.140661081284634e-06
2.13848670682637e-06
2.1363773612392833e-06
2.1342327727325028e-06
2.1320938685676083e-06
2.129956556018442e-06
2.1278428903315216e-06
2.1257276330288732e-06
2.1236207885522163e-06
2.12151940104377e-06
2.119410055456683e-06
2.11731799026893e-06
2.115231836796738e-06
2.1131820631126175e-06
2.1111243313498562e-06
2.109128672600491e-06
2.1070134152978426e-06
2.105011844832916e-06
2.1029786694271024e-06
2.1009718693676405e-06
2.0989984932384687e-06
2.0969414435967337e-06
2.094965566357132e-06
2.0929128368152305e-06
2.090936504828278e-06
2.0890192899969406e-06
2.0869683794444427e-06
2.0850147848250344e-06
2.0830602807109244e-06
2.081183993141167e-06
2.0791235328943003e-06
2.0772431525983848e-06
2.0752618183905724e-06
2.0733934888994554e-06
2.071421249638661e-06
2.069540187221719e-06
2.067651394099812e-06
2.065791250061011e-06
2.0638149180740584e-06
2.0619709175662138e-06
2.0600896277755965e-06
2.058138079519267e-06
2.0563136331475107e-06
2.0544609924399992e-06
2.0525806121440837e-06
2.050789362328942e-06
2.048921032837825e-06
2.047080897682463e-06
2.045240989900776e-06
2.0435020360309863e-06
2.041631432803115e-06
2.039821765720262e-06
2.0380105070216814e-06
2.0361710539873457e-06
2.0344264157756697e-06
2.032659722317476e-06
2.030876203207299e-06
2.0290692646085517e-06
2.0272848360036733e-06
2.02556202566484e-06
2.023801471295883e-06
2.022040916926926e-06
2.0202953692205483e-06
2.018588020291645e-06
2.016827920670039e-06
2.015124209719943e-06
2.013407765844022e-06
2.0116619907639688e-06
2.0099685116292676e-06
2.0082366063434165e-06
2.006577233260032e-06
2.00487329493626e-06
2.0031693566124886e-06
2.001550001295982e-06
1.9998606148874387e-06
1.9981887362519046e-06
1.996521177716204e-06
1.9948265617131256e-06
1.9932192572014173e-06
1.9915582925023045e-06
1.98995280698e-06
1.9883173081325367e-06
1.986682036658749e-06
1.9851026991091203e-06
1.9834110389638226e-06
1.9818166947516147e-06
1.9801841517619323e-06
1.9785939002758823e-06
1.9769893242482794e-06
1.975371560547501e-06
1.973817234102171e-06
1.9722308479686035e-06
1.970669018191984e-06
1.96912037608854e-06
1.967491016330314e-06
1.965970113815274e-06
1.964419880096102e-06
1.9627984784165164e-06
1.9612971300375648e-06
1.9597291611717083e-06
1.9582319055189146e-06
1.9566771243262338e-06
1.955094603545149e-06
1.953642367880093e-06
1.9521062313287985e-06
1.9506258013279876e-06
1.9490473732730607e-06
1.947593318618601e-06
1.9460833300399827e-06
1.944559471667162e-06
1.943147708516335e-06
1.9415806491451804e-06
1.9401145436859224e-06
1.9386407075216994e-06
1.937193928824854e-06
1.935700083777192e-06
1.9342612631589873e-06
1.932818122440949e-06
1.9313890788907884e-06
1.929921154442127e-06
1.9285282633063616e-06
1.9270096345280763e-06
1.92554693967395e-06
1.92417724065308e-06
1.922780938912183e-06
1.9213478026358644e-06
1.9198603240511147e-06
1.918485622809385e-06
1.917072950163856e-06
1.9156545931764413e-06
1.914266249514185e-06
1.912865400299779e-06
1.9115482245979365e-06
1.910142827910022e-06
1.908698777697282e-06
1.9073080466114334e-06
1.9060097429246525e-06
1.9046278794121463e-06
1.9032866021007067e-06
1.9019046249013627e-06
1.9005399281013524e-06
1.8991884189745178e-06
1.8978637399413856e-06
1.896521212074731e-06
1.8951590163851506e-06
1.893838998512365e-06
1.8925520635093562e-06
1.8911952111011487e-06
1.8898747384810122e-06
1.8885605186369503e-06
1.887205598904984e-06
1.8859157080441946e-06
1.8845991007765406e-06
1.883283516690426e-06
1.8820107925421325e-06
1.8807351125360583e-06
1.8794230527419131e-06
1.87812486274197e-06
1.876765736597008e-06
1.8755436030915007e-06
1.874258714451571e-06
1.8729647308646236e-06
1.8716848444455536e-06
1.8703935893427115e-06
1.8691721379582305e-06
1.8679677395994077e-06
1.8666584082893678e-06
1.8654586710908916e-06
1.8642025452209054e-06
1.862958015408367e-06
1.8617184878166881e-06
1.8604669094202109e-06
1.8592653532323311e-06
1.8580486766950344e-06
1.8568091491033556e-06
1.8555571159595274e-06
1.8543649957791786e-06
1.8531613932282198e-06
1.8519506284064846e-06
1.8507159893488279e-06
1.849567979661515e-06
1.8483768826627056e-06
1.8471816929377383e-06
1.8460062847225345e-06
1.8448293985784403e-06
1.8436115851727664e-06
1.8425149619361036e-06
1.841341145336628e-06
1.8401292436465155e-06
1.839043534346274e-06
1.8378920003669919e-06
1.8367364873483893e-06
1.8355924567003967e-06
1.8344971977057867e-06
1.8333922753299703e-06
1.8323086123928078e-06
1.8311808389626094e-06
1.8300451074537705e-06
1.8289371155333356e-06
1.8278940387972398e-06
1.826795369197498e-06
1.825729555093858e-06
1.8246553281642264e-06
1.823671709644259e-06
1.8226496649731416e-06
1.821666955947876e-06
1.8206411596111138e-06
1.8197239342043758e-06
1.8188105741501204e-06
1.817880843191233e-06
1.8170937892136863e-06
1.8162686501455028e-06
1.8155328689317685e-06
1.81476934812963e-06
1.8141930695492192e-06
1.8136232711185585e-06
1.8131867136617075e-06
1.8128265537598054e-06
1.8126088434655685e-06
1.8125517726730322e-06
1.812683763091627e-06
1.8130089074475109e-06
1.8135963273380185e-06
1.8145578906114679e-06
1.815843006625073e-06
1.8175200011683046e-06
1.8197599729319336e-06
1.8226477322969004e-06
1.8261252989759669e-06
1.8305313460587058e-06
1.8358319948674762e-06
1.8425032521918183e-06
1.8504024410503916e-06
1.860378233686788e-06
1.8720561456575524e-06
1.8866952586904517e-06
1.9038837990592583e-06
1.9254134713264648e-06
1.950445494003361e-06
1.9819185581582133e-06
2.0180536921543535e-06
2.0635579858208075e-06
2.1153316538402578e-06
2.1814066712977365e-06
2.255758090541349e-06
2.3514342046837555e-06
2.457531536492752e-06
2.5948384063667618e-06
2.7445992145658238e-06
2.94004394163494e-06
3.146934432152193e-06
3.420322173042223e-06
3.6978751722926972e-06
4.067657300765859e-06
4.422716301633045e-06
4.8997480917023495e-06
5.319788670021808e-06
5.8901068769046105e-06
6.332186785584781e-06
6.939529612282058e-06
7.302188350877259e-06
7.815608114469796e-06
7.947981430334039e-06
8.186661943909712e-06
7.942038791952655e-06
7.745156835881062e-06
7.075211669871351e-06
6.435554041672731e-06
5.491376668942394e-06
4.628393980965484e-06
3.7158745271881344e-06
2.968305125250481e-06
2.3678851448494243e-06
1.9781389255513204e-06
1.785854351510352e-06
1.7671114846962155e-06
1.8768982954497915e-06
2.0612428670574445e-06
2.2718754735251423e-06
2.4544488042010926e-06
2.5937554255506257e-06
2.648279178174562e-06
2.6430748221173417e-06
2.557487277954351e-06
2.4360615498153493e-06
2.278084593854146e-06
2.1231828668533126e-06
1.9792773855442647e-06
1.8663881746761035e-06
1.7887025478557916e-06
1.74834610788821e-06
1.7406008510079118e-06
1.7577372091182042e-06
1.790098622223013e-06
1.8279281448485563e-06
1.8635981859915773e-06
1.8896400888479548e-06
1.9044402961299056e-06
1.9049069805987529e-06
1.8943549093819456e-06
1.8731923319137422e-06
1.846911004577123e-06
1.8175820741817006e-06
1.7897024235935532e-06
1.7652281485425192e-06
1.7463753465563059e-06
1.733543513182667e-06
1.7267583416469279e-06
1.7249645907213562e-06
1.7270626813115086e-06
1.73143018855626e-06
1.7368415683449712e-06
1.741985215630848e-06
1.7456906107327086e-06
1.747654323480674e-06
1.747564056131523e-06
1.7456131899962202e-06
1.742061158438446e-06
1.7373689615851617e-06
1.7321355016974849e-06
1.7268650935875485e-06
1.721990429359721e-06
1.7177793552036746e-06
1.71447334196273e-06
1.7120592019637115e-06
1.7105040797105175e-06
1.7096452893383685e-06
1.7093303767978796e-06
1.7092802409024443e-06
1.7094332633860176e-06
1.709442926767224e-06
1.7093357200792525e-06
1.7089510038204025e-06
1.7082635395127e-06
1.7073429035008303e-06
1.7062101278497721e-06
1.7049682128345012e-06
1.7034614074873389e-06
1.7019667666318128e-06
1.7005368135869503e-06
1.699216682027327e-06
1.6980096688712365e-06
1.6968916725090821e-06
1.6958833839453291e-06
1.6949610426308936e-06
1.6941577314355527e-06
1.6934593531914288e-06
1.6928212289712974e-06
1.692156502031139e-06
1.6914887055463623e-06
1.6907511053432245e-06
1.6900338550840388e-06
1.6892605572138564e-06
1.6885308014025213e-06
1.6876397239684593e-06
1.686836185399443e-06
1.6859761444720789e-06
1.6850912061272538e-06
1.6842516288306797e-06
1.6834080724947853e-06
1.6825017610244686e-06
1.6818104313642834e-06
1.6809672160889022e-06
1.6802230220491765e-06
1.6794255088825594e-06
1.678624812484486e-06
1.6778535609773826e-06
1.6772323760960717e-06
1.6763970052124932e-06
1.6756944205553737e-06
1.6749319229347748e-06
1.6741985291446326e-06
1.6734621794967097e-06
1.6726676221878733e-06
1.671933887337218e-06
1.6711876469344134e-06
1.6704203744666302e-06
1.6697009641575278e-06
1.6689358517396613e-06
1.668175173108466e-06
1.667470314714592e-06
1.6667502222844632e-06
1.665956801844004e-06
1.6652508065817528e-06
1.6644996776449261e-06
1.663816533437057e-06
1.66304346294055e-06
1.6623750980215846e-06
1.6615948652543011e-06
1.6609070598860853e-06
1.6602597270320985e-06
1.659505642237491e-06
1.6587407571933e-06
1.658009296079399e-06
1.6573525272178813e-06
1.656550580264593e-06
1.655854703130899e-06
1.6551853150303941e-06
1.6544209984203917e-06
1.6537741203137557e-06
1.653038111726346e-06
1.6523647445865208e-06
1.6516473806404974e-06
1.6509324041180662e-06
1.6502178823429858e-06
1.6494975625391817e-06
1.6488510254930588e-06
1.648126044528908e-06
1.6474431276947143e-06
1.6467861314595211e-06
1.6460057850054e-06
1.645336055844382e-06
1.6446812196591054e-06
1.6440048966614995e-06
1.6432750271633267e-06
1.642637016630033e-06
1.6419078292528866e-06
1.6412034256063635e-06
1.6405537053287844e-06
1.6398545312767965e-06
1.6391959434258752e-06
1.6384774426114745e-06
1.6378249938497902e-06
1.6371303672713111e-06
1.6364634802812361e-06
1.635768853702757e-06
1.6351149270121823e-06
1.6344407640644931e-06
1.6337829720214359e-06
1.6330966445821105e-06
1.6324639773301897e-06
1.6317786730724038e-06
1.6311253148160176e-06
1.6304295513691613e-06
1.6298280343107763e-06
1.6291467090923106e-06
1.628446966606134e-06
1.627832375561411e-06
1.6271986851279507e-06
1.6265306612694985e-06
1.6258260302493e-06
1.625239178792981e-06
1.6245298866124358e-06
1.623866637601168e-06
1.6232133930316195e-06
1.6225990293605719e-06
1.6219399867622997e-06
1.6213223261729581e-06
1.6206516875172383e-06
1.6200173149627517e-06
1.6194071577046998e-06
1.6187789242394501e-06
1.618075771148142e-06
1.6174734582818928e-06
1.6168144156836206e-06
1.6161674238901469e-06
1.6155084949787124e-06
1.6148894701473182e-06
1.6142834056154243e-06
1.6135956002472085e-06
1.6129645246110158e-06
1.6124084822877194e-06
1.6117819541250356e-06
1.6110728893181658e-06
1.6104597762023332e-06
1.6098258583951974e-06
1.6092415080493083e-06
1.6085974721136154e-06
1.607967078598449e-06
1.6073502138169715e-06
1.6067356227722485e-06
1.6060737380030332e-06
1.6055272453741054e-06
1.6048956013037241e-06
1.6042628203649656e-06
1.603646410330839e-06
1.6030086271712207e-06
1.6023886928451248e-06
1.6018040014387225e-06
1.60116792358167e-06
1.600583573235781e-06
1.599978759259102e-06
1.599334268576058e-06
1.5986917105692555e-06
1.5981278238541563e-06
1.597467189640156e-06
1.5968969364621444e-06
1.596347829035949e-06
1.595669459675264e-06
1.5950562328725937e-06
1.5945234963510302e-06
1.5939215245452942e-06
1.5932781707306276e-06
1.5927213325994671e-06
1.5921522162898327e-06
1.591563659530948e-06
1.5909436115180142e-06
1.5903582379905856e-06
1.5897380762908142e-06
1.5891334896878107e-06
1.5885517541391891e-06
1.5879761576798046e-06
1.5873877146077575e-06
1.5868397440499393e-06
1.5862269719946198e-06
1.5856533082114765e-06
1.5850719137233682e-06
1.5844995004954399e-06
1.583929361004266e-06
1.583354787726421e-06
1.5827594097572728e-06
1.5821725583009538e-06
1.5815531924090465e-06
1.580988964633434e-06
1.5804428130650194e-06
1.5798461845406564e-06
1.5792373915246571e-06
1.5787001075295848e-06
1.5781049569341121e-06
1.57749082063674e-06
1.5769526271469658e-06
1.5763839655846823e-06
1.575775627316034e-06
1.5752318631712114e-06
1.5746642247904674e-06
1.574084535604925e-06
1.5735622582724318e-06
1.5729709730294417e-06
1.5723919659649255e-06
1.5718320582891465e-06
1.571280563439359e-06
1.5707322518210276e-06
1.570193035149714e-06
1.5696119817221188e-06
1.5690540067225811e-06
1.5685270682297414e-06
1.5679501075283042e-06
1.5673864481868804e-06
1.5668451851524878e-06
1.566295054544753e-06
1.5658216625524801e-06
1.5652278761990601e-06
1.5647108284611022e-06
1.5641630852769595e-06
1.5635749832654255e-06
1.5630166672053747e-06
1.5624947309333947e-06
1.5618942370565492e-06
1.5613248933732393e-06
1.5607812429152546e-06
1.5602288385707652e-06
1.5596525599903543e-06
1.5591094779665582e-06
1.5585527535222354e-06
1.5579739738313947e-06
1.5574320286759757e-06
1.5568848539260216e-06
1.5563422266495763e-06
1.5557943697785959e-06
1.5552936929452699e-06
1.5547565226370352e-06
1.5541410220976104e-06
1.553610331939126e-06
1.5530628161286586e-06
1.5525480421274551e-06
1.5520259921686375e-06
1.5514490314672003e-06
1.5509526747337077e-06
1.5504145949307713e-06
1.5498715129069751e-06
1.5493478713324293e-06
1.5488484450543183e-06
1.548294790154614e-06
1.5477858141821343e-06
1.547202828078298e-06
1.5467459206774947e-06
1.5461929478988168e-06
1.5456874962183065e-06
1.545155555504607e-06
1.544615315651754e-06
1.5440613196915365e-06
1.5435737168445485e-06
1.5430600797117222e-06
1.5425559922732646e-06
1.5419952887896216e-06
1.5414747167596943e-06
1.5409253819598234e-06
1.5404840496557881e-06
1.5398916275444208e-06
1.5393973171740072e-06
1.5388695828733034e-06
1.5383611753350124e-06
1.5378575426439056e-06
1.537348111924075e-06
1.536785362077353e-06
1.5363345937657868e-06
1.535841192890075e-06
1.535250703454949e-06
1.5347615089922328e-06
1.5342869801315828e-06
1.5337710692620021e-06
1.533260274300119e-06
1.53272731040488e-06
1.5322752915380988e-06
1.5317752968257992e-06
1.5312605228245957e-06
1.5307787180063315e-06
1.5302601923394832e-06
1.5297521258617053e-06
1.5292639545805287e-06
1.5287818087017513e-06
1.5282382719306042e-06
1.5277294096449623e-06
1.5272131577148684e-06
1.5267397657225956e-06
1.5262139640981331e-06
1.5257548966474133e-06
1.525249444966903e-06
1.5247823057507048e-06
1.5241669188981177e-06
1.5237368415910169e-06
1.5232343457682873e-06
1.5227208223222988e-06
1.5222325373542844e-06
1.5217306099657435e-06
1.5212251582852332e-06
1.520692308076832e-06
1.5202045915430062e-06
1.5197388165688608e-06
1.5192138107522624e-06
1.5187421240625554e-06
1.5182216657194658e-06
1.5177578234215616e-06
1.5172519169937004e-06
1.5167464653131901e-06
1.5162617046371452e-06
1.5157646657826263e-06
1.5152837704590638e-06
1.5148194734138087e-06
1.514229666099709e-06
1.5138163007577532e-06
1.5133218767005019e-06
1.5128348422877025e-06
1.5123866887734039e-06
1.5118930605240166e-06
1.5114267171156825e-06
1.5109072819541325e-06
1.5104444628377678e-06
1.5099267329787835e-06
1.5094669834070373e-06
1.5090025726749445e-06
1.5085556697158609e-06
1.5080058801686391e-06
1.507544425294327e-06
1.5070671679495717e-06
1.50662515352451e-06
1.5061435760799213e-06
1.5056687061587581e-06
1.505232603449258e-06
1.5047905890241964e-06
1.5042679706311901e-06
1.5037593357192236e-06
1.5033177760415128e-06
1.5028500683911261e-06
1.5023929336166475e-06
1.5018854355730582e-06
1.501448991803045e-06
1.5009353546702187e-06
1.5004583246991388e-06
1.5000757684902055e-06
1.4995567880760063e-06
1.499095446888532e-06
1.49857112319296e-06
1.4981486629039864e-06
1.497673906669661e-06
1.4971938071539626e-06
1.4967426977818832e-06
1.4962650993766147e-06
1.495819788033259e-06
1.4953751588109299e-06
1.4949018805054948e-06
1.4944127997296164e-06
1.4940144410502398e-06
1.4934998944227118e-06
1.4930169527360704e-06
1.4926110907254042e-06
1.4921448610039079e-06
1.4917022781446576e-06
1.4912034203007352e-06
1.4907606100678095e-06
1.4903379224051605e-06
1.4898334939061897e-06
1.4894485502736643e-06
1.488943894401018e-06
1.4884557231198414e-06
1.4880002936479286e-06
1.4875564602334634e-06
1.4871297935314942e-06
1.486644350734423e-06
1.4861335557725397e-06
1.4857372434562421e-06
1.4853048924123868e-06
1.4848263845124166e-06
1.4843807321085478e-06
1.483946107327938e-06
1.4835137562840828e-06
1.4830325199000072e-06
1.4826060805717134e-06
1.4821551985733095e-06
1.4816831708230893e-06
1.481245931245212e-06
1.4807650359216495e-06
1.4803524663875578e-06
1.4798953316130792e-06
1.4794690059716231e-06
1.4790033446843154e-06
1.4785672419748153e-06
1.4781211348235956e-06
1.4776285297557479e-06
1.4772300573895336e-06
1.4767309721719357e-06
1.4763297713216161e-06
1.4759084479010198e-06
1.4754508583791903e-06
1.475039312026638e-06
1.4745869520993438e-06
1.474116402278014e-06
1.4736892808286939e-06
1.4732447652932024e-06
1.4728080941495136e-06
1.4723841559316497e-06
1.4719714727107203e-06
1.4715234328832594e-06
1.4710631148773246e-06
1.4706220099469647e-06
1.4702029602631228e-06
1.4697571941724163e-06
1.4692790273329592e-06
1.468924665459781e-06
1.4684700317957322e-06
1.4679987998533761e-06
1.4675541706310469e-06
1.4671475128125167e-06
1.4667388086309074e-06
1.4662892908745562e-06
1.4658518239230034e-06
1.4654383448942099e-06
1.4649797321908409e-06
1.464560682506999e-06
1.4640835388490814e-06
1.4636882497143233e-06
1.4632639704359462e-06
1.4628274129790952e-06
1.4624192772316746e-06
1.4619791954828543e-06
1.461577426198346e-06
1.4611534879804822e-06
1.4607372804675833e-06
1.4603341469410225e-06
1.4598991810998996e-06
1.459418740523688e-06
1.4589902548323153e-06
1.458576662116684e-06
1.4581700042981538e-06
1.4577556157746585e-06
1.4572851796401665e-06
1.4568738606612897e-06
1.4564601542588207e-06
1.4560727095158654e-06
1.4556629821527167e-06
1.4552059610650758e-06
1.4547963473887648e-06
1.4543819588652696e-06
1.4540082702296786e-06
1.4535273749061162e-06
1.4531095757774892e-06
1.4526542599924142e-06
1.4522549918183358e-06
1.4518529951601522e-06
1.4514597523884731e-06
1.4510250139210257e-06
1.4505874332826352e-06
1.4501880514217191e-06
1.4497755955744651e-06
1.4493209619104164e-06
1.4489430668618297e-06
1.4485187875834526e-06
1.448064494979917e-06
1.4476685237241327e-06
1.447282897970581e-06
1.4468502058662125e-06
1.446455485165643e-06
1.4460296142715379e-06
1.4456535382123548e-06
1.4451901506618015e-06
1.4448088450080832e-06
1.4443728559854208e-06
1.4439743836192065e-06
1.443563746761356e-06
1.4431486761168344e-06
1.4427987480303273e-06
1.4423505945160287e-06
1.441942458768608e-06
1.4415223859032267e-06
1.4411270967684686e-06
1.4407069102162495e-06
1.4403409522856236e-06
1.439862558072491e-06
1.4394657910088426e-06
1.4390877822734183e-06
1.438687718291476e-06
1.4383161897058017e-06
1.4378805417436524e-06
1.43750742154225e-06
1.4370777989825e-06
1.436634761375899e-06
1.4363034779307782e-06
1.4357925692820572e-06
1.4354444601849536e-06
1.4350626997838845e-06
1.4346147736432613e-06
1.434217551832262e-06
1.433844659004535e-06
1.4334290199258248e-06
1.4330729527500807e-06
1.4326686823551427e-06
1.4322370134323137e-06
1.4318579815153498e-06
1.4314712188934209e-06
1.4310471669887193e-06
1.430634029020439e-06
1.4302756881079404e-06
1.4298088899522554e-06
1.4294314496510196e-06
1.4290692433860386e-06
1.4286686109699076e-06
1.4282830989031936e-06
1.4279273727879627e-06
1.4275284456743975e-06
1.4270783594838576e-06
1.4267046708482667e-06
1.4262545846577268e-06
1.4259120462156716e-06
1.4255049336497905e-06
1.4250904314394575e-06
1.4247210629037e-06
1.4243046280171257e-06
1.4239346910471795e-06
1.4235021126296488e-06
1.4231620752980234e-06
1.4227077826944878e-06
1.4223676316760248e-06
1.4219766626411001e-06
1.4216011550161056e-06
1.421173010385246e-06
1.4208158063411247e-06
1.4204561011865735e-06
1.420035687260679e-06
1.4196502888808027e-06
1.4192565913617727e-06
1.4188585737429094e-06
1.4184773817760288e-06
1.4180669722918537e-06
1.417699763806013e-06
1.4173002682582592e-06
1.4169486348691862e-06
1.4164834283292294e-06
1.4161280432745116e-06
1.4157831174088642e-06
1.4153888514556456e-06
1.4149887874737033e-06
1.4146052080832305e-06
1.4142453892418416e-06
1.413885456713615e-06
1.4135245010038489e-06
1.4131138641459984e-06
1.4127496115179383e-06
1.4123138498689514e-06
1.4119696061243303e-06
1.4115885278442875e-06
1.4111438986219582e-06
1.4108466075413162e-06
1.4104754200161551e-06
1.4101279930400779e-06
1.4096887070991215e-06
1.409293645338039e-06
1.4089691831031814e-06
1.4085645716477302e-06
1.408170192007674e-06
1.4077977539272979e-06
1.4074332739255624e-06
1.4070320730752428e-06
1.406656679137086e-06
1.406317323926487e-06
1.405899979545211e-06
1.4054937764740316e-06
1.4051680636839592e-06
1.4048182492842898e-06
1.404413865202514e-06
1.4040098221812514e-06
1.4036410220796824e-06
1.4031978707862436e-06
1.4029349131305935e-06
1.4025498558112304e-06
1.40215468036331e-06
1.401774056830618e-06
1.4014191265232512e-06
1.4010331597091863e-06
1.4006693618284771e-06
1.4002289390191436e-06
1.3998919712321367e-06
1.3994992968946462e-06
1.3991160585646867e-06
1.3987537386128679e-06
1.3983901681058342e-06
1.3980354651721427e-06
1.397667801938951e-06
1.3973357226859662e-06
1.3969364545118879e-06
1.3965709513286129e-06
1.3961750937596662e-06
1.3958234603705932e-06
1.3954219184597605e-06
1.3951170103609911e-06
1.3946856824986753e-06
1.3943450767328613e-06
1.3940000371803762e-06
1.3936163441030658e-06
1.3932489082435495e-06
1.3928565749665722e-06
1.3925034636486089e-06
1.3921440995545709e-06
1.3917795058659976e-06
1.3914366263634292e-06
1.3910565712649259e-06
1.3907035736338003e-06
1.390324314343161e-06
1.3899319810661837e-06
1.3895888741899398e-06
1.3892469041820732e-06
1.3888653711546795e-06
1.3884978216083255e-06
1.3881542599847307e-06
1.3877877336199163e-06
1.3873867601432721e-06
1.3870578641217435e-06
1.3866871313439333e-06
1.3863824506188394e-06
1.3860185390512925e-06
1.3856346186003066e-06
1.3852445590600837e-06
1.3849531796950032e-06
1.3845589137417846e-06
1.3841754480381496e-06
1.3838407539878972e-06
1.3834780929755652e-06
1.3830737088937894e-06
1.3827846032654634e-06
1.3823764675180428e-06
1.3820209687764873e-06
1.381726633553626e-06
1.3813696568831801e-06
1.3809675465381588e-06
1.380607272949419e-06
1.3802708735966007e-06
1.3799218550047954e-06
1.379555669700494e-06
1.3792242725685355e-06
1.3788250043944572e-06
1.3784788279735949e-06
1.3781245797872543e-06
1.3777233789369348e-06
1.3774115359410644e-06
1.3770288660452934e-06
1.3766882602794794e-06
1.376337650071946e-06
1.3759919283984345e-06
1.3756688304056297e-06
1.3752539871347835e-06
1.3749116760664037e-06
1.3745527667197166e-06
1.374187490910117e-06
1.373875534227409e-06
1.37352719775663e-06
1.3731822718909825e-06
1.3728001704294002e-06
1.3724649079449591e-06
1.372152155454387e-06
1.3717615274799755e-06
1.3714218312088633e-06
1.3710675830225227e-06
1.3707206107937964e-06
1.3703933063879958e-06
1.3699784631171497e-06
1.3697139138457715e-06
1.3693259006686276e-06
1.3689759725821204e-06
1.3686865258932812e-06
1.3682653161595226e-06
1.3679650692210998e-06
1.3675828540726798e-06
1.3672072327608475e-06
1.3668836800206918e-06
1.366492369925254e-06
1.3662170204042923e-06
1.3658554962603375e-06
1.3655397879119846e-06
1.3651836070494028e-06
1.364848685625475e-06
1.3645277476825868e-06
1.3641179066326004e-06
1.363804813081515e-06
1.363409523946757e-06
1.3630886996907066e-06
1.3627982298203278e-06
1.3624165831060964e-06
1.3620742720377166e-06
1.3617031981993932e-06
1.3614342151413439e-06
1.3610606401925907e-06
1.360694568575127e-06
1.360367036795651e-06
1.3600079000752885e-06
1.359684688395646e-06
1.3593037238024408e-06
1.3589968830274302e-06
1.35870698159124e-06
1.3582726978711435e-06
1.3579947335529141e-06
1.3576546962212888e-06
1.3572949910667376e-06
1.3569843986260821e-06
1.3566343568527373e-06
1.3562854519477696e-06
1.3559686067310395e-06
1.3555954865296371e-06
1.3552812561101746e-06
1.3549245068134042e-06
1.3545839010475902e-06
1.3542191936721792e-06
1.353897459921427e-06
1.3535398011299549e-06
1.35319874061679e-06
1.352857339043112e-06
1.3525493613997241e-06
1.3522159179046866e-06
1.3519199910660973e-06
1.3515523278329056e-06
1.3511730685422663e-06
1.3508742995327339e-06
1.3505667766366969e-06
1.3502238971341285e-06
1.3498658972821431e-06
1.3496052133632475e-06
1.3492493735611788e-06
1.3488756849255878e-06
1.3485605450114235e-06
1.348236537523917e-06
1.3479152585205156e-06
1.3475448668032186e-06
1.3472376849676948e-06
1.3469011719280388e-06
1.3465348729368998e-06
1.3462047263601562e-06
1.3458969760904438e-06
1.3455478438118007e-06
1.3452936400426552e-06
1.3448888012135285e-06
1.3445909416986979e-06
1.3442477211356163e-06
1.3439062058751006e-06
1.343588337476831e-06
1.3432947980618337e-06
1.3429172440737602e-06
1.3426179066300392e-06
1.342280256722006e-06
1.3419244169199374e-06
1.3416246247288655e-06
1.3412778798738145e-06
1.3409509165285272e-06
1.340628386969911e-06
1.340303697361378e-06
1.3399962881521787e-06
1.3396166878010263e-06
1.3393371318670688e-06
1.3389884543357766e-06
1.3387310673351749e-06
1.3383962595980847e-06
1.3380023347053793e-06
1.3376783272178727e-06
1.3373818319450947e-06
1.3370649867283646e-06
1.3367337032832438e-06
1.3363654716158635e-06
1.3360800039663445e-06
1.33575838390243e-06
1.3354170960155898e-06
1.3351096868063905e-06
1.3347683989195502e-06
1.3344659919312107e-06
1.334160856458766e-06
1.3338044482225087e-06
1.3334621371541289e-06
1.3331127775018103e-06
1.332830720457423e-06
1.3325089867066708e-06
1.332180545432493e-06
1.3318998526301584e-06
1.331574139840086e-06
1.3312172768564778e-06
1.3309037285580416e-06
1.3305941592989257e-06
1.3302615116117522e-06
1.329931592408684e-06
1.3296353245095816e-06
1.3293017673277063e-06
1.3290014067024458e-06
1.3287049114296678e-06
1.3283628277349635e-06
1.328054281657387e-06
1.3277203834149987e-06
1.3274056982481852e-06
1.3270984027258237e-06
1.326765072917624e-06
1.3264677818369819e-06
1.3261371805128874e-06
1.3257663340482395e-06
1.3254654049887904e-06
1.3251641348688281e-06
1.3248246659713914e-06
1.3245339687273372e-06
1.3242611203168053e-06
1.3238816336524906e-06
1.3235980986792129e-06
1.323310925727128e-06
1.322961338701134e-06
1.3225997008703416e-06
1.3223276482676738e-06
1.3219740822023596e-06
1.321704417023284e-06
1.3213875718065538e-06
1.321075842497521e-06
1.3207182973928866e-06
1.320437945651065e-06
1.3200891544329352e-06
1.319802549915039e-06
1.3194936627769493e-06
1.3191694279157673e-06
1.31883996346005e-06
1.318534941674443e-06
1.318209456258046e-06
1.317914211540483e-06
1.3175938420317834e-06
1.3173223578633042e-06
1.316961061093025e-06
1.3166719554646988e-06
1.316358634539938e-06
1.3160616845198092e-06
1.3157286957721226e-06
1.315456984229968e-06
1.3151162647773162e-06
1.3147600839147344e-06
1.3145037200956722e-06
1.3141782346792752e-06
1.3138693475411856e-06
1.313567395300197e-06
1.3132706726537435e-06
1.3129492799635045e-06
1.3126341400493402e-06
1.312350377702387e-06
1.312049448642938e-06
1.3117240769133787e-06
1.3114179182593944e-06
1.3111647376717883e-06
1.3108019629726186e-06
1.3104953495712834e-06
1.31018964566465e-06
1.3098685940349242e-06
1.3095773283566814e-06
1.3092684412185918e-06
1.3090165111862007e-06
1.308660671384132e-06
1.3083507610645029e-06
1.3080123153486056e-06
1.3077288940621656e-06
1.307453089793853e-06
1.3071320381641272e-06
1.3068187172393664e-06
1.3064932318229694e-06
1.3061771824141033e-06
1.305935938944458e-06
1.3055947647444555e-06
1.3053007705821074e-06
1.3050030247541144e-06
1.304640591115458e-06
1.3044133311268524e-06
1.304104330301925e-06
1.3037941926086205e-06
1.3034389212407405e-06
1.3031702792432043e-06
1.3028851526541985e-06
1.302565578953363e-06
1.3022685152463964e-06
1.3019690641158377e-06
1.3016938282817136e-06
1.3013797115490888e-06
1.3010979955652147e-06
1.3007791039854055e-06
1.300462031395e-06
1.300122676184401e-06
1.2998264082852984e-06
1.2995503766433103e-06
1.2992807114642346e-06
1.2989704600840923e-06
1.2986487263333402e-06
1.2983828128199093e-06
1.2980351584701566e-06
1.297728317695146e-06
1.297475932915404e-06
1.2971462410860113e-06
1.2969194358447567e-06
1.2965545010956703e-06
1.2962523214810062e-06
1.295973902415426e-06
1.2956465980096254e-06
1.2953488521816325e-06
1.295057927563903e-06
1.2947890581926913e-06
1.294440039600886e-06
1.2941350178152788e-06
1.2938542113261065e-06
1.2936147868458647e-06
1.2932766821904806e-06
1.2930174762004754e-06
1.2927024499731488e-06
1.2924007251058356e-06
1.292073420700035e-06
1.2917952290081303e-06
1.2915115803480148e-06
1.2911800695292186e-06
1.2909229099022923e-06
1.2906124311484746e-06
1.2904005188829615e-06
1.2900528645332088e-06
1.289743636334606e-06
1.2894628298454336e-06
1.2891853202745551e-06
1.2888560831925133e-06
1.2885950582131045e-06
1.2882884448117693e-06
1.287965915253153e-06
1.2877019344159635e-06
1.287381110159913e-06
1.2870947330156923e-06
1.2867986924902652e-06
1.2865327789768344e-06
1.286212750528648e-06
1.2859369462603354e-06
1.285604298573162e-06
1.2853940916102147e-06
1.2850416624132777e-06
1.2847526704717893e-06
1.2844752745877486e-06
1.2842131127399625e-06
1.283902975046658e-06
1.2836117093684152e-06
1.2833568234782433e-06
1.2830407740693772e-06
1.2827388218283886e-06
1.2824385748899658e-06
1.2821519703720696e-06
1.2818767345379456e-06
1.281578875023115e-06
1.2812878367185476e-06
1.2809659892809577e-06
1.2807546454496332e-06
1.2804164271074114e-06
1.28016301914613e-06
1.2798439001926454e-06
1.2795424026990077e-06
1.2792505685865763e-06
1.2789629408871406e-06
1.2786839533873717e-06
1.2783782494807383e-06
1.2780986935467809e-06
1.277865067095263e-06
1.277556748391362e-06
1.2772923128068214e-06
1.27700945995457e-06
1.2766583949996857e-06
1.2763993026965181e-06
1.2761222478729906e-06
1.2758524690070772e-06
1.275548697776685e-06
1.2752066140819807e-06
1.2750065252475906e-06
1.2746734228130663e-06
1.2743676052195951e-06
1.274127157557814e-06
1.2738090617858688e-06
1.2735547443298856e-06
1.273268708246178e-06
1.2729940408462426e-06
1.2726842442134512e-06
1.2723994586849585e-06
1.272134227292554e-06
1.2718535344902193e-06
1.2715969432974816e-06
1.271273390557326e-06
1.2709823522527586e-06
1.270704046874016e-06
1.2703922038781457e-06
1.2701448213192634e-06
1.2698912996711442e-06
1.269570816475607e-06
1.2692684094872675e-06
1.2690553603533772e-06
1.2687643220488098e-06
1.2684479315794306e-06
1.2682046417467063e-06
1.2679068959187134e-06
1.2676302958425367e-06
1.2673646097027813e-06
1.2670781188717228e-06
1.2667916280406644e-06
1.2664555697483593e-06
1.2662140989050386e-06
1.2659638741752133e-06
1.265695686925028e-06
1.265399987460114e-06
1.265129640160012e-06
1.2648167739826022e-06
1.2645740525840665e-06
1.2642796036743675e-06
1.2639787883017561e-06
1.263708895749005e-06
1.2634333188543678e-06
1.2631707022592309e-06
1.262872501683887e-06
1.2626006764548947e-06
1.2623113434528932e-06
1.2620628240256337e-06
1.2617770153156016e-06
1.2614877960004378e-06
1.2612238151632482e-06
1.2609162922672112e-06
1.26066686334525e-06
1.2604008361449814e-06
1.2601385606103577e-06
1.259859118363238e-06
1.2595318139574374e-06
1.2592978464454063e-06
1.2590024880410056e-06
1.2587304354383377e-06
1.2584945352500654e-06
1.258165525541699e-06
1.2579350823216373e-06
1.2576319932122715e-06
1.2573995036291308e-06
1.257094368156686e-06
1.2568073088914389e-06
1.25654628391203e-06
1.2562970823637443e-06
1.2559338529172237e-06
1.2557101172205876e-06
1.2554799013742013e-06
1.2551952295325464e-06
1.2549094208225142e-06
1.2546362313514692e-06
1.2543536058728932e-06
1.2541030400825548e-06
1.2538273495010799e-06
1.2535057294371654e-06
1.2532460686998093e-06
1.2529670812000404e-06
1.2527445960586192e-06
1.2524603789643152e-06
1.2521898042905377e-06
1.2518988796728081e-06
1.251639218935452e-06
1.2513595493146568e-06
1.251093181053875e-06
1.2508536428867956e-06
1.2505824997788295e-06
1.2502615618359414e-06
1.2500107686719275e-06
1.2497800980781903e-06
1.2494737120505306e-06
1.24922974009678e-06
1.2489568916862481e-06
1.2486724472182686e-06
1.2484042599680834e-06
1.2481440307965386e-06
1.2478741382437875e-06
1.247626414624392e-06
1.2473012702685082e-06
1.2471017498683068e-06
1.2467603482946288e-06
1.2465633290048572e-06
1.2462402310120524e-06
1.2460011475923238e-06
1.245689873030642e-06
1.2454462421374046e-06
1.2452265991669265e-06
1.2448896313799196e-06
1.244649297404976e-06
1.244363033947593e-06
1.2440895034160349e-06
1.2438478051990387e-06
1.2435872349669808e-06
1.2433168876668788e-06
1.243030510522658e-06
1.242812459167908e-06
1.2425145996530773e-06
1.242257894773502e-06
1.2419698123267153e-06
1.2417827974786633e-06
1.2414769798851921e-06
1.2411830994096817e-06
1.2409605005814228e-06
1.2406674159137765e-06
1.24037035220681e-06
1.2401496860547923e-06
1.239829998667119e-06
1.239578864442592e-06
1.2393271617838764e-06
1.239082280335424e-06
1.238817617377208e-06
1.2385492027533473e-06
1.2382777185848681e-06
1.2380413636492449e-06
1.2377912526062573e-06
1.2375442111078883e-06
1.2372361197776627e-06
1.2370328477118164e-06
1.236727143805183e-06
1.2364301937850541e-06
1.2362002053123433e-06
1.235909167007776e-06
1.235664512932999e-06
1.235406443811371e-06
1.2351554232736817e-06
1.2349104281383916e-06
1.2345983577688457e-06
1.2343886055532494e-06
1.2341084811851033e-06
1.233857005900063e-06
1.2335592600720702e-06
1.233335979122785e-06
1.2330542631389108e-06
1.2328098364378093e-06
1.2325582474659313e-06
1.232290514963097e-06
1.232023805641802e-06
1.2317556183916167e-06
1.231519036082318e-06
1.2312517583268345e-06
1.2310159718254e-06
