0.0011120789276901633
0.0012496396203377199
0.0022058017414317214
0.0026876617286523633
0.0036337039835581727
0.004477551307486879
0.00546801814132116
0.006544199624014172
0.007604300234974785
0.008778006208806553
0.009895382819443264
0.011102611961012537
0.012304969015531242
0.013674704707227647
0.01506814810405062
0.016702276516959748
0.018273504927161743
0.020048047945072704
0.02174524725838141
0.023607575070028277
0.0254584205950695
0.02745185769163072
0.029476554767990656
0.03160690611482344
0.03372318869117986
0.035875317894599655
0.0378908807919784
0.03984180859036066
0.041617166801271116
0.043350149538706646
