0.3244251310825348
0.1169060617685318
0.12580759823322296
0.1288866400718689
0.1208445206284523
0.11263132840394974
0.10184296220541
0.11279389262199402
0.09582498669624329
0.09218955785036087
0.09440072625875473
0.10176360607147217
0.08936088532209396
0.08842342346906662
0.09127338230609894
0.0859934538602829
0.08456657081842422
0.08795146644115448
0.08692529797554016
0.08315909653902054
0.0805613100528717
0.07996772229671478
0.07908423990011215
0.07519912719726562
0.0702558234333992
0.06444763392210007
0.053205352276563644
0.03670550137758255
0.021377239376306534
0.013648128136992455
0.02246931381523609
0.03260789066553116
0.03039925917983055
0.029514465481042862
0.024129103869199753
0.014134128578007221
0.011338984593749046
0.018223967403173447
0.022214394062757492
0.018672959879040718
0.016610270366072655
0.017174575477838516
0.015624398365616798
0.012187180109322071
0.011190148070454597
0.014089539647102356
0.01607653498649597
0.013378143310546875
0.011356080882251263
0.011725746095180511
0.012287073768675327
0.011827305890619755
0.011294396594166756
0.01186672318726778
0.012315763160586357
0.011615658178925514
0.010382981039583683
0.010167282074689865
0.010874493978917599
0.011335679329931736
0.011008081957697868
0.010504316538572311
0.010354897938668728
0.010391502641141415
0.010281532071530819
0.010184552520513535
0.01028013601899147
0.010430208407342434
0.010309400968253613
0.01002529077231884
0.00981802586466074
0.009946308098733425
0.010081032291054726
0.010025212541222572
0.009871303103864193
0.009835407137870789
0.009835535660386086
0.00977314542979002
0.009734470397233963
0.00976342149078846
0.009799182415008545
0.009720033034682274
0.009612453170120716
0.009605076164007187
0.009636742994189262
0.009641988202929497
0.00958908163011074
0.009556612931191921
0.009547594003379345
0.00951413158327341
0.009491102769970894
0.009493597783148289
0.009495784528553486
0.009460356086492538
0.009418011642992496
0.009409199468791485
0.0094105564057827
0.00939391739666462
0.009369920939207077
0.009358176030218601
0.009339993819594383
0.009317317046225071
0.009305421262979507
0.009299783036112785
0.009284809231758118
0.009260225109755993
0.00924522615969181
0.009234310127794743
0.009217409417033195
0.009201503358781338
0.009186803363263607
0.009169447235763073
0.009152798913419247
0.009136449545621872
0.009126496501266956
0.009110559709370136
0.009092321619391441
0.009075477719306946
0.009058534167706966
0.009043963626027107
0.00902523286640644
0.00901127140969038
0.008994960226118565
0.008974933996796608
0.00896171759814024
0.008940273895859718
0.008921896107494831
0.00890368316322565
0.008884183131158352
0.008864284493029118
0.008845546282827854
0.008828965947031975
0.008807092905044556
0.008789115585386753
0.008773693814873695
0.008759110234677792
0.008758984506130219
0.008778445422649384
0.008863430470228195
0.009093270637094975
0.009594367817044258
0.010341133922338486
0.010538875125348568
0.0095084048807621
0.008548583835363388
0.009100241586565971
0.009625501930713654
0.008815048262476921
0.008497879840433598
0.009092837572097778
0.008789950981736183
0.008339567109942436
0.00872024055570364
0.008591811172664165
0.008244490250945091
0.008478730916976929
0.008364742621779442
0.008125212043523788
0.008303413167595863
0.008150795474648476
0.008013810031116009
0.00811656005680561
0.007953302003443241
0.00788640882819891
0.007927061058580875
0.007768444251269102
0.007742445915937424
0.007724567782133818
0.007589493878185749
0.00756998872384429
0.007516527082771063
0.00740511529147625
0.007380853872746229
0.007306965999305248
0.00720775593072176
0.007183067034929991
0.007096315734088421
0.007015944924205542
0.006976511795073748
0.006898983847349882
0.00683083338662982
0.0067892312072217464
0.006715707015246153
0.006658770143985748
0.006618375424295664
0.006549942307174206
0.006498211063444614
0.0064506628550589085
0.006394249387085438
0.00633807061240077
0.0062913959845900536
0.0062325941398739815
0.0061750253662467
0.006119722034782171
0.00605520885437727
0.005997546017169952
0.005931691266596317
0.005864903796464205
0.005800578277558088
0.005734903737902641
0.005666693672537804
0.005597398616373539
0.005527934990823269
0.005456237588077784
0.005386019125580788
0.0053177778609097
0.005252381321042776
0.00518273888155818
0.005122093483805656
0.005052702501416206
0.0049934787675738335
0.004931604955345392
0.004872052930295467
0.004808442201465368
0.004752389620989561
0.004691555164754391
0.0046292198821902275
0.004573299549520016
0.004507660865783691
0.0044465740211308
0.004385712556540966
0.004323617555201054
0.004265505820512772
0.0042038592509925365
0.004146217834204435
0.00408659502863884
0.004029251169413328
0.00397139647975564
0.0039177024737000465
0.0038660429418087006
0.0038126816507428885
0.003762004664167762
0.003712552832439542
0.0036616625729948282
0.003609715262427926
0.0035644597373902798
0.0035195467062294483
0.0034729037433862686
0.0034268605522811413
0.003384533803910017
0.0033421313855797052
0.0033009154722094536
0.0032624138984829187
0.003223890671506524
0.0031872319523245096
0.0031513075809925795
0.0031147825066000223
0.003082039300352335
0.003048226237297058
0.003018701449036598
0.0029906551353633404
0.0029618535190820694
0.002933477982878685
0.0029091755859553814
0.0028927272651344538
0.0028867770452052355
0.0029019054491072893
0.0029833936132490635
0.0031943460926413536
0.003796272212639451
0.00482661509886384
0.00683721574023366
0.0064987605437636375
0.004753273446112871
0.002799664856866002
0.003933338914066553
0.005267410073429346
0.003411558922380209
0.002942947903648019
0.004197093658149242
0.0035548934247344732
0.00264472677372396
0.0033569997176527977
0.003612733446061611
0.0028353033121675253
0.002719837473705411
0.0032108810264617205
0.002963913371786475
0.0025381266605108976
0.0028686891309916973
0.0029519256204366684
0.002558684442192316
0.0026099500246345997
0.002789589110761881
0.0025807959027588367
0.002479838440194726
0.0026397823821753263
0.002592590404674411
0.002432202221825719
0.002507620956748724
0.0025587263517081738
0.0024496098048985004
0.0024408341851085424
0.002558236476033926
0.002559132408350706
0.0025703522842377424
0.0028091007843613625
0.0032742274925112724
0.003769360017031431
0.004451798275113106
0.004284415859729052
0.003322610864415765
0.002331908792257309
0.002637408208101988
0.0033581461757421494
0.0029622905422002077
0.002288463758304715
0.002502752933651209
0.0028970453422516584
0.00258636730723083
0.0022110643330961466
0.0024817807134240866
0.0026726918295025826
0.0022829247172921896
0.00221710791811347
0.0024731499142944813
0.0023464011028409004
0.002139980671927333
0.0022541088983416557
0.0023173487279564142
0.0021516026463359594
0.0021233144216239452
0.0022377294953912497
0.0021800240501761436
0.0020724947098642588
0.002131022745743394
0.0021662504877895117
0.002067719819024205
0.0020453042816370726
0.0020963437855243683
0.0020649509970098734
0.0020053682383149862
0.0020173056982457638
0.0020302878692746162
0.0019991572480648756
0.0019682522397488356
0.0019714084919542074
0.0019782879389822483
0.001957115950062871
0.0019300086423754692
0.001929937512613833
0.0019358133431524038
0.001927702920511365
0.0019183303229510784
0.001918778638355434
0.0019339119317010045
0.0019586519338190556
0.001996048726141453
0.002075682859867811
0.0022112810984253883
0.002492625964805484
0.002832952421158552
0.0034830928780138493
0.0038006582763046026
0.004267754033207893
0.0034850684460252523
0.0027555411215871572
0.0021224627271294594
0.0021145830396562815
0.002385379746556282
0.0024359310045838356
0.002288562711328268
0.0020946129225194454
0.002218720968812704
0.0023890098091214895
0.002419303171336651
0.0021227942779660225
0.0018357925582677126
0.0017652914393693209
0.0019133874448016286
0.002092844806611538
0.0020912946201860905
0.001982454676181078
0.0018535158596932888
0.001837435644119978
0.0018606483936309814
0.0018556652357801795
0.0017769838450476527
0.0017107290914282203
0.001703650108538568
0.0017614130629226565
0.0018301381496712565
0.0018645074451342225
0.0018862229771912098
0.00190657377243042
0.0020033391192555428
0.002120145596563816
0.002323871711269021
0.002402098383754492
0.0025904232170432806
0.0025234392378479242
0.002526044612750411
0.0023543343413621187
0.002290543867275119
0.002114033093675971
0.00195664307102561
0.0017485383432358503
0.001626647892408073
0.0016457202145829797
0.0017764449585229158
0.001925009535625577
0.001939842477440834
0.0018941803136840463
0.001790035399608314
0.0017443206161260605
0.0017296597361564636
0.0017415042966604233
0.001709718955680728
0.0016564071411266923
0.0015922976890578866
0.001558097661472857
0.0015680351061746478
0.001609673141501844
0.0016529689310118556
0.0016759030986577272
0.0016917650355026126
0.0016861240146681666
0.001695892889983952
0.0017181066796183586
0.0017928634770214558
0.001902549178339541
0.0021178575698286295
0.0023414520546793938
0.0028387384954839945
0.003215653356164694
0.004079737700521946
0.004065228160470724
0.004276614170521498
0.0030535724945366383
0.0020819774363189936
0.001573888468556106
0.0018066744087263942
0.0023751934058964252
0.0025385692715644836
0.0024143245536834
0.0019909911789000034
0.0017653704853728414
0.0017646598862484097
0.001859679352492094
0.0018807362066581845
0.001760462298989296
0.0017196297412738204
0.0017645369516685605
0.0017311926931142807
0.0016056878957897425
0.0015504892216995358
0.0016390992095693946
0.0017117280513048172
0.0016454702708870173
0.0015306974528357387
0.001503589446656406
0.001551761757582426
0.0015987742226570845
0.0015958398580551147
0.0015504983020946383
0.0015079029835760593
0.0014961191918700933
0.0015119420131668448
0.0015209019184112549
0.0015045854961499572
0.0014778529293835163
0.0014757183380424976
0.0015059487195685506
0.0015210297424346209
0.0015077857533469796
0.0014747846871614456
0.0014430393930524588
0.001433558645658195
0.001441806205548346
0.001452855416573584
0.0014579597627744079
0.0014556226087734103
0.0014558822149410844
0.001463101478293538
0.0014722923515364528
0.0014905384741723537
0.0015158829046413302
0.001551993191242218
0.0015915906988084316
0.001651398721151054
0.0017103423597291112
0.0018143998458981514
0.0018797845114022493
0.0019922414794564247
0.002008803654462099
0.002079932251945138
0.001996595412492752
0.0019494130974635482
0.0017709947424009442
0.0016569574363529682
0.0015774521743878722
0.0015881495783105493
0.001642389572225511
0.0017293562414124608
0.0017664448823779821
0.0017757138703018427
0.0017072561895474792
0.001618567737750709
0.0015090660890564322
0.001439493615180254
0.0014138291589915752
0.001439229934476316
0.001490031718276441
0.0015391388442367315
0.0015519738662987947
0.0015559804160147905
0.0015166295925155282
0.001476540695875883
0.001429608790203929
0.001391764497384429
0.0013657946838065982
0.001354130101390183
0.001358525943942368
0.001373576233163476
0.0013948577689006925
0.0014139417326077819
0.0014373251469805837
0.0014451267197728157
0.0014597895788028836
0.0014672994147986174
0.0014900960959494114
0.0015151744009926915
0.0015593181597068906
0.0016091621946543455
0.0017395117320120335
0.0019230050966143608
0.0023682669270783663
0.0030270605348050594
0.004853970371186733
0.0062632872723042965
0.008783127181231976
0.005428165663033724
0.003091023303568363
0.0026206376496702433
0.002957837423309684
0.002777489135041833
0.0025526401586830616
0.002840955276042223
0.002195165492594242
0.0023870619479566813
0.002960611367598176
0.0016928280238062143
0.0021164712961763144
0.0029910514131188393
0.0015910641523078084
0.0020910773891955614
0.0027369309682399035
0.0015072226524353027
0.0021282860543578863
0.0022600863594561815
0.0016377073479816318
0.002161275129765272
0.001920807408168912
0.0017526393057778478
0.0018876766553148627
0.001798587734811008
0.0017615038668736815
0.0016481558559462428
0.0016915877349674702
0.0016041597118601203
0.0015470789512619376
0.0016110967844724655
0.0015053965616971254
0.0014993713703006506
0.0015332897892221808
0.0014445835258811712
0.0014859929215162992
0.0015072837704792619
0.0014004020486027002
0.0014918246306478977
0.001432778430171311
0.00138631381560117
0.001457852777093649
0.0013711804058402777
0.0014021830866113305
0.0014014319749549031
0.0013639990938827395
0.001398720545694232
0.001367964898236096
0.001375882769934833
0.0013675002846866846
0.0013586110435426235
0.0013703861040994525
0.001342705450952053
0.00135985913220793
0.0013510258868336678
0.001340103684924543
0.0013537027407437563
0.0013391273096203804
0.0013346828054636717
0.0013425924116745591
0.0013326278422027826
0.0013345478801056743
0.0013313132803887129
0.0013290165225043893
0.00132938742171973
0.0013240291737020016
0.0013226328883320093
0.001319102942943573
0.0013137911446392536
0.00131308869458735
0.0013137953355908394
0.0013151424936950207
0.0013140091905370355
0.0013245621230453253
0.0013289188500493765
0.0013397263828665018
0.0013439042959362268
0.0013526284601539373
0.0013592138420790434
0.001361629692837596
0.0013512677978724241
0.001342286472208798
0.0013252219650894403
0.0013081891229376197
0.0012933871475979686
0.0012899094726890326
0.0012833562213927507
0.0012809060281142592
0.0012819715775549412
0.001277170260436833
0.001277421717531979
0.0012768013402819633
0.0012780633987858891
0.0012814017245545983
0.0012840649578720331
0.0012903311289846897
0.001298457500524819
0.0013141663512215018
0.0013449032558128238
0.0014007892459630966
0.0015245139366015792
0.001714411424472928
0.002108105458319187
0.002530188299715519
0.003347748890519142
0.0034742848947644234
0.0036747355479747057
0.0024830459151417017
0.0015858141705393791
0.0013058590702712536
0.0017325039952993393
0.0023447046987712383
0.0022132834419608116
0.0017528384923934937
0.0013105409452691674
0.0013437725137919188
0.0016537189949303865
0.001758941332809627
0.001618756796233356
0.0013586769346147776
0.001311065861955285
0.0014225828927010298
0.0014798995107412338
0.0014342349022626877
0.0013296862598508596
0.0013050275156274438
0.0013478663749992847
0.001364751486107707
0.0013343506725504994
0.0012937503634020686
0.001290157320909202
0.0013052058639004827
0.0012944575864821672
0.0012746847933158278
0.0012691854499280453
0.001274066511541605
0.0012672501616179943
0.0012568490346893668
0.0012463246239349246
0.001249194028787315
0.0012577901361510158
0.0012581823393702507
0.0012477018171921372
0.00123871979303658
0.001242569531314075
0.0012442984152585268
0.001242881640791893
0.0012336682993918657
0.001223075669258833
0.001222449354827404
0.0012248537968844175
0.0012308279983699322
0.001230750815011561
0.001225440064445138
0.0012213357258588076
0.001228082343004644
0.0012324081035330892
0.0012309809681028128
0.0012211521388962865
0.0012100577587261796
0.00121034006588161
0.0012147712986916304
0.0012175424490123987
0.0012129569659009576
0.0012047889176756144
0.0012003229930996895
0.0012009990168735385
0.001201521954499185
0.0011994268279522657
0.0011967502068728209
0.001197103294543922
0.0011928064050152898
0.0011917719384655356
0.0011923962738364935
0.0011892105685546994
0.0011882781982421875
0.001192553318105638
0.0011947349412366748
0.0011950524058192968
0.0011981891002506018
0.0012007920304313302
0.001206719083711505
0.0012223380617797375
0.0012564932694658637
0.0013396244030445814
0.001514402567408979
0.0018849695334210992
0.002582485554739833
0.0038461678195744753
0.005282378755509853
0.00592827657237649
0.003884812816977501
0.0015931094530969858
0.0018898765556514263
0.003075712826102972
0.002421729266643524
0.0016202416736632586
0.001964069902896881
0.0018641630886122584
0.0015998962335288525
0.0017488229786977172
0.0016047586686909199
0.001535371644422412
0.0016082572983577847
0.0014985317829996347
0.0014663801994174719
0.00139944301918149
0.001498620375059545
0.001441478030756116
0.0012359757674857974
0.001455319463275373
0.001393609563820064
0.0012532706605270505
0.0013645541621372104
0.0013024372747167945
0.0012800046242773533
0.0012842067517340183
0.0012637987965717912
0.0012974757701158524
0.0012625167146325111
0.0012580155162140727
0.0012438705889508128
0.0012454233365133405
0.001254197908565402
0.0012121819891035557
0.0012533291010186076
0.0012476822594180703
0.0012049605138599873
0.0012295078486204147
0.001220413250848651
0.0012117534643039107
0.0012165281223133206
0.0012043569004163146
0.0012159786419942975
0.0012217956827953458
0.0012192025315016508
0.001211519236676395
0.0012050553923472762
0.0012048365315422416
0.001189400558359921
0.001188149442896247
0.0011936911614611745
0.0011831483570858836
0.0011851915623992682
0.0011880542151629925
0.0011838480131700635
0.0011900047538802028
0.0011867880821228027
0.0011764763621613383
0.0011760035995393991
0.0011770310811698437
0.0011709736427292228
0.0011707423254847527
0.0011728033423423767
0.0011723554925993085
0.0011719135800376534
0.0011747682001441717
0.001180319464765489
0.0011904804268851876
0.0011909474851563573
0.0011946744052693248
0.0011947312159463763
0.0011914148926734924
0.0011885729618370533
0.0011836272897198796
0.0011774532031267881
0.0011730202240869403
0.0011714253341779113
0.0011701961047947407
0.001173927797935903
0.0011780505301430821
0.0011929830070585012
0.0012090997770428658
0.0012419838458299637
0.0012840793933719397
0.0013819909654557705
0.0015150249237194657
0.0017939971294254065
0.002009022980928421
0.002442946657538414
0.0023947865702211857
0.00249589909799397
0.0019660929683595896
0.0015639113262295723
0.0012472730595618486
0.0012064147740602493
0.0013482518261298537
0.0015156201552599669
0.0016860063187777996
0.001624389784410596
0.001509932684712112
0.001303837401792407
0.0011690754909068346
0.0011417242931202054
0.0012137503363192081
0.001315023866482079
0.0013471530983224511
0.0013150923186913133
0.0012238053604960442
0.0011486764997243881
0.0011259651510044932
0.001155642094090581
0.0012039378052577376
0.001225936459377408
0.0012176227755844593
0.001178821548819542
0.0011415303451940417
0.0011223384644836187
0.0011216418351978064
0.001135692116804421
0.001151806558482349
0.0011588407214730978
0.001158620696514845
0.001155624631792307
0.0011477814987301826
0.0011399186914786696
0.0011299228062853217
0.001115886028856039
0.001109590521082282
0.0011089890031144023
0.0011140145361423492
0.0011159759014844894
0.0011170826619490981
0.0011240245075896382
0.0011250885436311364
0.0011273256968706846
0.0011202724417671561
0.0011124415323138237
0.0011077887611463666
0.0010979233775287867
0.0010987793793901801
0.0011038014199584723
0.0011097048409283161
0.001114548183977604
0.0011176744010299444
0.0011245188070461154
0.0011402954114601016
0.001166121568530798
0.0011867779539898038
0.0012113695265725255
0.001232267008163035
0.0012800105614587665
0.0013411601539701223
0.0014681135071441531
0.0015955832786858082
0.001818809425458312
0.0019759228453040123
0.0023059172090142965
0.002357961144298315
0.0025675969664007425
0.0023138949181884527
0.0021824536379426718
0.0017314188880845904
0.0014243823243305087
0.00119410187471658
0.0011728304671123624
0.001316023408435285
0.0014790877467021346
0.0016286792233586311
0.0015531808603554964
0.0014027906581759453
0.001205921871587634
0.0011113312793895602
0.00112240354064852
0.0011836887570098042
0.0012533260742202401
0.0012575654545798898
0.0012208808911964297
0.0011414336040616035
0.0010941177606582642
0.001087573473341763
0.0011099629336968064
0.0011422194074839354
0.001147870672866702
0.0011328242253512144
0.0011012604227289557
0.0010806404752656817
0.0010769088985398412
0.0010847914963960648
0.0011010223533958197
0.0011118542170152068
0.0011225782800465822
0.0011222834000363946
0.0011156825348734856
0.0011020863894373178
0.0010882319184020162
0.0010770050575956702
0.001072907936759293
0.0010699229314923286
0.0010715052485466003
0.0010751114459708333
0.001072266255505383
0.001072754617780447
0.0010681285057216883
0.001063560601323843
0.00105757056735456
0.001055841683410108
0.0010559967486187816
0.0010576698696240783
0.00106899649836123
0.001078509259968996
0.0010964194079861045
0.0011224173940718174
0.0011621396988630295
0.0012110085226595402
0.0012924761977046728
0.0013880586484447122
0.0015411258209496737
0.0017698945011943579
0.0021659513004124165
0.0027070932555943727
0.003425164381042123
0.0037102391943335533
0.003291488392278552
0.002207808429375291
0.0015675750328227878
0.0020979135297238827
0.0024806573055684566
0.001957370899617672
0.0011929045431315899
0.001333099789917469
0.001701853354461491
0.0014351854333654046
0.0013029323890805244
0.0014816150069236755
0.0013869649264961481
0.0011815696489065886
0.001227902015671134
0.001326837344095111
0.0012610151898115873
0.0011475342325866222
0.0012398918624967337
0.0012779856333509088
0.0011261345352977514
0.001155658159404993
0.0012503087054938078
0.0011339755728840828
0.0011132137151435018
0.0011939790565520525
0.001131549128331244
0.001077240682207048
0.0011131488718092442
0.0011112828506156802
0.001089848461560905
0.0011203817557543516
0.0011215670965611935
0.0010863901115953922
0.0010725263273343444
0.0010715737007558346
0.001070809201337397
0.001074145082384348
0.0010798780713230371
0.0010801549069583416
0.001070887898094952
0.0010569453006610274
0.001056501641869545
0.0010557562345638871
0.0010543796233832836
0.0010602488182485104
0.001058667548932135
0.001047356054186821
0.0010464434744790196
0.0010529215214774013
0.001053930725902319
0.0010552931344136596
0.001066792057827115
0.0010703731095418334
0.0010676792589947581
0.0010581151582300663
0.0010444537037983537
0.0010328729404136539
0.00103005301207304
0.0010346798226237297
0.001044031116180122
0.0010500181233510375
0.0010504527017474174
0.0010438122553750873
0.0010378025472164154
0.0010309047065675259
0.0010292944498360157
0.0010271311039105058
0.0010200244141742587
0.0010197556111961603
0.0010195900686085224
0.0010249854531139135
0.0010261359857395291
0.0010306594194844365
0.0010440576588734984
0.0010591356549412012
0.0010799840092658997
0.0010945027461275458
0.001123751630075276
0.0011459883535280824
0.0011867050779983401
0.0012293367180973291
0.0013195022474974394
0.0013909767149016261
0.001541242701932788
0.0016157138161361217
0.001788513851352036
0.0017452690517529845
0.0017796483589336276
0.0015805611619725823
0.001438206061720848
0.00124162039719522
0.0011321301572024822
0.001093075959943235
0.0010997786885127425
0.0011142960283905268
0.001115579274483025
0.0011432365281507373
0.0011582147562876344
0.0011834150645881891
0.001172065851278603
0.0011499301763251424
0.001088437158614397
0.001033468870446086
0.0009974316926673055
0.0009909210493788123
0.001018040580675006
0.001062784343957901
0.001104559632949531
0.0011140767019242048
0.0011105763260275126
0.001085607917048037
0.0010632019257172942
0.0010459949262440205
0.0010397156001999974
0.0010203816927969456
0.000999864307232201
0.0009830454364418983
0.0009811247000470757
0.0009884218452498317
0.0009963155025616288
0.001010947860777378
0.0010185836581513286
0.0010183380218222737
0.001014306559227407
0.0010216153459623456
0.001029517501592636
0.0010481810895726085
0.0010735222604125738
0.0011178060667589307
0.0011641691671684384
0.0012303435942158103
0.0012956863502040505
0.0014243238838389516
0.0015030900249257684
0.0016815192066133022
0.0017224118346348405
0.0018845137674361467
0.0017960978439077735
0.0017853111494332552
0.0015393623616546392
0.001356081455014646
0.0011344329686835408
0.0010044632945209742
0.0009790969779714942
0.0010388833470642567
0.001148198381997645
0.0012188357068225741
0.0012621538480743766
0.001214255578815937
0.0011624806793406606
0.001101458678022027
0.0010778477881103754
0.0010738298296928406
0.0010729602072387934
0.0010674636578187346
0.001051649684086442
0.0010157240321859717
0.0009814371587708592
0.0009609120315872133
0.0009580915211699903
0.000974498048890382
0.0010047982214018703
0.0010346353519707918
0.0010478548938408494
0.0010417959420010448
0.0010178732918575406
0.0009859565179795027
0.0009613819420337677
0.0009475529077462852
0.0009532574331387877
0.0009700802620500326
0.0009922406170517206
0.0010058608604595065
0.0010068303672596812
0.0009998452151194215
0.000976637122221291
0.0009587163804098964
0.0009429914061911404
0.0009364155703224242
0.0009338228846900165
0.0009376532398164272
0.0009452049853280187
0.0009553510462865233
0.000966605031862855
0.000975554867181927
0.0009904619073495269
0.0009972689440473914
0.0010100676445290446
0.0010157121578231454
0.0010212344350293279
0.0010313272941857576
0.0010558071080595255
0.0010944106616079807
0.0011487174779176712
0.0012327112490311265
0.0013262900756672025
0.0014324536314234138
0.0015222637448459864
0.001622178009711206
0.0016866946825757623
0.0018055603140965104
0.0018936489941552281
0.0021433525253087282
0.0024667675606906414
0.0031173243187367916
0.003175463294610381
0.0033247291576117277
0.0022615082561969757
0.001573271700181067
0.0011739095207303762
0.0013186613796278834
0.0017026959685608745
0.0017088345484808087
0.0015610125847160816
0.0011832775780931115
0.0010732095688581467
0.0012278220383450389
0.0013631838373839855
0.0013697404647246003
0.0011293147690594196
0.0010242818389087915
0.0010884099174290895
0.0011717947199940681
0.0011845952831208706
0.0010686938185244799
0.0009984950302168727
0.00102487881667912
0.001084556570276618
0.0011165413307026029
0.0010438576573505998
0.0009748985175974667
0.0009767019655555487
0.0010255689267069101
0.0010425056098029017
0.0009826991008594632
0.0009383782162331045
0.000956037372816354
0.001002350589260459
0.0010057698236778378
0.0009480788721702993
0.000919483951292932
0.0009399278205819428
0.0009647579863667488
0.0009586524683982134
0.0009304308332502842
0.0009185971575789154
0.00093240657588467
0.0009374410146847367
0.0009284143452532589
0.0009138507884927094
0.0009113058331422508
0.0009196034516207874
0.0009227328700944781
0.0009141462505795062
0.0009093598928302526
0.0009066764614544809
0.0009081453317776322
0.0009093747939914465
0.0009064274490810931
0.0009028888307511806
0.0009043269674293697
0.0009078599396161735
0.0009080262389034033
0.0009029250359162688
0.0008968267939053476
0.000899453298188746
0.0008980451384559274
0.0008966699242591858
0.0008954554214142263
0.000894256285391748
0.0008953889482654631
0.0008953931974247098
0.000902326253708452
0.0009048880892805755
0.0008991105714812875
0.0008917268714867532
0.0008912339108064771
0.0008957029203884304
0.0009026705520227551
0.0009069712832570076
0.0009063375764526427
0.000901503604836762
0.0008985052700154483
0.0008945506415329874
0.0008886359864845872
0.0008865689160302281
0.0008882399997673929
0.0008863189723342657
0.0008828331483528018
0.000882335240021348
0.0008805615361779928
0.0008802715456113219
0.0008805912220850587
0.0008774070302024484
0.0008780409698374569
0.0008797550108283758
0.0008801841759122908
0.0008841409580782056
0.0008883196278475225
0.0008933638455346227
0.0009031858644448221
0.0009237400954589248
0.0009729707962833345
0.0010438208701089025
0.0011565099703148007
0.0013449208345264196
0.0016679547261446714
0.002156210830435157
0.0027071081567555666
0.0029939531814306974
0.0026366007514297962
0.0016458884347230196
0.000950356072280556
0.0011003785766661167
0.0015842021675780416
0.001474058604799211
0.00099880900233984
0.0009667797130532563
0.0012738199438899755
0.001198581070639193
0.0009259420330636203
0.000985100632533431
0.001114347018301487
0.0009918541181832552
0.0009184671798720956
0.0010451601119711995
0.0010517287300899625
0.0009003864252008498
0.0009352415218017995
0.0010276803513988853
0.0009760863031260669
0.0009537574369460344
0.0009808462345972657
0.0009444021270610392
0.0008963277796283364
0.0009426847100257874
0.0009666759287938476
0.0009132485138252378
0.0009116127039305866
0.0009423764422535896
0.0009205975220538676
0.0008936413214541972
0.000916721357498318
0.0009257089695893228
0.0009093341650441289
0.000918016186915338
0.0009173858561553061
0.000881452695466578
0.0008733249269425869
0.0009002956794574857
0.000902230734936893
0.0008811264997348189
0.0008754613227210939
0.0008737987373024225
0.0008700811886228621
0.0008768716361373663
0.0008859724039211869
0.0008900439715944231
0.0008963983855210245
0.0009035078110173345
0.0008961774292401969
0.0008801763178780675
0.0008658115402795374
0.0008616074337624013
0.0008647713111713529
0.000867159222252667
0.0008698825840838253
0.0008678121957927942
0.0008624427719041705
0.0008544004522264004
0.000855536200106144
0.0008603918831795454
0.000860422442201525
0.0008577143307775259
0.0008551690261811018
0.0008564043091610074
0.0008527840836904943
0.0008501137490384281
0.0008526454912498593
0.0008523854776285589
0.0008478168165311217
0.0008501888951286674
0.0008508917526341975
0.000852456025313586
0.0008506450103595853
0.0008447639411315322
0.0008436674834229052
0.000843347457703203
0.0008459626697003841
0.0008425238775089383
0.0008453124319203198
0.0008418028592132032
0.0008397680940106511
0.0008407701971009374
0.000840574677567929
0.0008398857316933572
0.0008430656744167209
0.000842797162476927
0.0008391716401092708
0.000840689055621624
0.000845091650262475
0.0008563322480767965
0.0008754877489991486
0.0008864832343533635
0.000887953385245055
0.0008856105851009488
0.0008792147855274379
0.0008708329405635595
0.0008609362994320691
0.0008531318744644523
0.0008495704387314618
0.0008413100149482489
0.0008320720517076552
0.0008296021842397749
0.0008322531939484179
0.0008354074670933187
0.000846529146656394
0.0008602075977250934
0.0008680200553499162
0.000877183920238167
0.0008826963021419942
0.0008914696518331766
0.000894020835403353
0.0008994517847895622
0.0009019726421684027
0.0009005789761431515
0.0008904357673600316
0.0008776626782491803
0.0008647253271192312
0.0008533754153177142
0.0008416162454523146
0.0008342915680259466
0.0008280118927359581
0.0008236249559558928
0.0008221429889090359
0.0008218440925702453
0.0008226163918152452
0.000823301961645484
0.0008288730168715119
0.0008349228301085532
0.0008389406139031053
0.000840594875626266
0.0008420361555181444
0.0008385193068534136
0.0008299602195620537
0.0008237616857513785
0.0008177631534636021
0.000819239008706063
0.0008241379400715232
0.000823143869638443
0.0008261008188128471
0.0008286708034574986
0.0008287979289889336
0.0008326335810124874
0.0008312780992127955
0.0008474861388094723
0.0008755046292208135
0.0009214889723807573
0.000993417575955391
0.0010983356041833758
0.001218455727212131
0.0013741248985752463
0.0015314107295125723
0.001725659123621881
0.001792510156519711
0.0017466956051066518
0.0014636642299592495
0.0011335911694914103
0.0008802561205811799
0.0008231244282796979
0.0009249701979570091
0.00105575833003968
0.0010959613136947155
0.0010007575619965792
0.0008700507460162044
0.0008177133277058601
0.0008750208653509617
0.0009632101282477379
0.000976846436969936
0.0009090700768865645
0.0008398637874051929
0.0008249567472375929
0.0008610874647274613
0.0008825588738545775
0.0008595294202677906
0.0008229058585129678
0.0008116087410598993
0.0008368814014829695
0.0008665680652484298
0.0008636430720798671
0.0008322214125655591
0.0008130871574394405
0.0008210882660932839
0.0008477207738906145
0.0008610116201452911
0.0008435429190285504
0.0008149727946147323
0.000805408286396414
0.0008154807728715241
0.000827920448500663
0.0008233885164372623
0.0008108343463391066
0.0007993304170668125
0.0008000672096386552
0.0008047395967878401
0.0008114672382362187
0.0008056640508584678
0.0007995171472430229
0.0007955208420753479
0.0007956455228850245
0.0008026134455576539
0.0008059351821430027
0.0008098918478935957
0.0008205095655284822
0.0008378519560210407
0.0008539797272533178
0.0008917652303352952
0.0009332781773991883
0.000997160910628736
0.001031123916618526
0.0011034406488761306
0.001140387961640954
0.001207373570650816
0.0012146015651524067
0.0012390182819217443
0.0011470132740214467
0.0010746539337560534
0.0009518334409222007
0.0008637765422463417
0.0008188854553736746
0.000819141510874033
0.000850555719807744
0.0008778618648648262
0.0008861395763233304
0.0008728461107239127
0.0008568171178922057
0.0008382941014133394
0.0008214893168769777
0.0008003749535419047
0.000797203101683408
0.0008025436545722187
0.0008080227416940033
0.0008103104191832244
0.0008003860712051392
0.0007909214473329484
0.0007829932146705687
0.0007808479713276029
0.0007828348316252232
0.0007848740206100047
0.0007861935300752521
0.0007835057331249118
0.0007816427387297153
0.0007773149409331381
0.0007799775339663029
0.0007824370404705405
0.0007855786243453622
0.0007851276895962656
0.0007819844759069383
0.000781975919380784
0.0007760784938000143
0.0007779098232276738
0.0007784687913954258
0.0007758875726722181
0.0007762738387100399
0.000781037553679198
0.0007840999169275165
0.0007832640549167991
0.0007793656550347805
0.0007751405355520546
0.0007741482113488019
0.000768788973800838
0.0007695384556427598
0.0007711950456723571
0.0007732081576250494
0.0007757146959193051
0.000776065222453326
0.0007726870244368911
0.0007701410795561969
0.0007691745413467288
0.0007732728263363242
0.0007776451529935002
0.0007811737596057355
0.0007782123284414411
0.0007746692281216383
0.0007704115705564618
0.0007653806824237108
0.0007649223553016782
0.0007673647487536073
0.0007701068534515798
0.000771405640989542
0.0007694087107665837
0.0007668929756619036
0.0007665151497349143
0.0007719274144619703
0.0007837911252863705
0.0008038574596866965
0.0008258369052782655
0.0008613035315647721
0.0009064401383511722
0.0010023035574704409
0.0011382445227354765
0.0013881521299481392
0.0017086699372157454
0.002195854904130101
0.0024936646223068237
0.0024641789495944977
0.001892176573164761
0.0011053802445530891
0.0008600917062722147
0.0012092860415577888
0.0015311867464333773
0.0012285257689654827
0.000810077937785536
0.000882395775988698
0.0011528321774676442
0.0010561662493273616
0.0008215278503485024
0.0009083285694941878
0.001032692496664822
0.000900232931599021
0.0007809480302967131
0.0009087391081266105
0.0009452896192669868
0.0008026845171116292
0.0008118709665723145
0.0009020406287163496
0.0008318682666867971
0.0007667374447919428
0.0008322804933413863
0.0008363763336092234
0.0007755255792289972
0.0007869140827096999
0.0008248785161413252
0.0007931077852845192
0.0007620859541930258
0.0007931413711048663
0.0008004139526747167
0.0007751741213724017
0.0007816660800017416
0.000801954185590148
0.0007871679845266044
0.0007688099867664278
0.0007899808115325868
0.0007820323226042092
0.0007571551250293851
0.0007638258393853903
0.0007782068569213152
0.0007647720631211996
0.0007580291712656617
0.0007658537942916155
0.000760207767598331
0.0007527738926000893
0.0007615340291522443
0.0007641011034138501
0.0007531844894401729
0.000751341984141618
0.0007526372210122645
0.0007543271058239043
0.0007528587593697011
0.0007549693109467626
0.0007511930889450014
0.0007488607661798596
0.0007513183518312871
0.0007557174540124834
0.0007605711580254138
0.0007574596093036234
0.0007549409056082368
0.0007480951026082039
0.0007433896535076201
0.0007486732210963964
0.0007552303140982985
0.0007601527613587677
0.0007619514944963157
0.00076048489427194
0.0007518782513216138
0.0007483730441890657
0.0007485573296435177
0.0007485927199013531
0.0007427291129715741
0.0007418339373543859
0.0007419782341457903
0.0007432973943650723
0.0007394046406261623
0.0007420102483592927
0.0007456425810232759
0.0007478837505914271
0.000752802996430546
0.0007571946480311453
0.0007558490033261478
0.0007468408439308405
0.0007411949918605387
0.0007425505900755525
0.0007424041396006942
0.0007343607721850276
0.0007316170376725495
0.0007350362138822675
0.0007364963530562818
0.0007344052428379655
0.0007324132602661848
0.0007309243665076792
0.0007318102871067822
0.0007344811456277966
0.0007309737848117948
0.0007274290546774864
0.0007294365204870701
0.0007319420692510903
0.0007343003526329994
0.0007306401384994388
0.0007312762318179011
0.0007299199933186173
0.000725510239135474
0.0007280121208168566
0.0007263494771905243
0.00072721135802567
0.0007260316051542759
0.0007269561174325645
0.000722812139429152
0.0007246067398227751
0.0007282519363798201
0.0007263674633577466
0.0007206258596852422
0.0007225293084047735
0.0007229669135995209
0.0007267180480994284
0.0007339421426877379
0.000737051828764379
0.0007403400959447026
0.0007432645652443171
0.0007466125534847379
0.0007497863844037056
0.0007522535161115229
0.0007516667246818542
0.0007492011645808816
0.0007400439935736358
0.00073574751149863
0.0007293621893040836
0.0007199225947260857
0.0007294469396583736
0.0007390085374936461
0.0007415098370984197
0.0007299975259229541
0.0007205969886854291
0.0007159538799896836
0.0007165287970565259
0.0007271220092661679
0.0007281083380803466
0.0007170054013840854
0.0007119592628441751
0.0007113555911928415
0.0007101944647729397
0.0007092635496519506
0.0007142825052142143
0.0007124958210624754
0.0007090396247804165
0.0007104687974788249
0.0007157950894907117
0.000715726288035512
0.0007261536084115505
0.000734028231818229
0.0007437137537635863
0.00074769341154024
0.0007513706805184484
0.0007475343300029635
0.0007454172009602189
0.0007459124899469316
0.0007461740169674158
0.0007374983979389071
0.0007374564884230494
0.0007309246575459838
0.0007218049722723663
0.0007114563486538827
0.0007083482341840863
0.0007081867079250515
0.0007070479332469404
0.0007059664931148291
0.0007089245482347906
0.0007099699578247964
0.0007125776610337198
0.0007134185871109366
0.0007092458545230329
0.0007093966123647988
0.0007064192905090749
0.0007105013355612755
0.0007304524187929928
0.0007530058501288295
0.0007886029197834432
0.0008166737970896065
0.000849625444971025
0.0008636356797069311
0.000880140985827893
0.0008872635080479085
0.000906966277398169
0.000907149922568351
0.0008956504170782864
0.0008558941190131009
0.0008201999007724226
0.0007792503456585109
0.00074265047442168
0.0007146414718590677
0.0006989008979871869
0.0006990591646172106
0.0007115051848813891
0.0007356656715273857
0.0007543672109022737
0.0007626559818163514
0.0007623440469615161
0.0007519765058532357
0.0007366649224422872
0.0007246409659273922
0.000717239803634584
0.0007128810975700617
0.0007145341951400042
0.0007224353030323982
0.0007179663516581059
0.0007106675766408443
0.0006974202115088701
0.0006954544223845005
0.0006999144097790122
0.0007143632974475622
0.0007115564658306539
0.0006951862014830112
0.0006790868937969208
0.0006764392601326108
0.0006815006490796804
0.0006818607798777521
0.0006835671374574304
0.0006787267629988492
0.0006732179899699986
0.0006742336554452777
0.0006730974419042468
0.0006739473319612443
0.0006746572908014059
0.0006760257529094815
0.0006747879670001566
0.0006719445809721947
0.0006690731970593333
0.0006682697567157447
0.0006665137480013072
0.0006673665484413505
0.0006675050244666636
0.000668741820845753
0.0006683924584649503
0.0006678783101961017
0.0006632882286794484
0.0006643722299486399
0.0006674921605736017
0.0006741023971699178
0.0006817042594775558
0.0006832930957898498
0.000676500319968909
0.0006736160721629858
0.0006735104834660888
0.0006758496165275574
0.000672951980959624
0.0006697329226881266
0.0006691414164379239
0.000679314078297466
0.0006935307173989713
0.0007155032362788916
0.0007402524934150279
0.0007641336997039616
0.0007922999793663621
0.0008248390513472259
0.0008647836511954665
0.0008994188392534852
0.0009498658473603427
0.000991198467090726
0.0010326715419068933
0.0010456894524395466
0.0010142708197236061
0.0009470609948039055
0.0008429993176832795
0.0007386878714896739
0.0006665794644504786
0.0006536311120726168
0.0006872506346553564
0.0007436415180563927
0.0007803511107340455
0.0007803969201631844
0.0007432804559357464
0.0006934799021109939
0.0006595996092073619
0.0006530810496769845
0.0006715682102367282
0.0006901968736201525
0.0006898259744048119
0.000673051574267447
0.000650910078547895
0.0006420949939638376
0.0006463910103775561
0.000651789887342602
0.0006538746529258788
0.0006523409392684698
0.0006473537068814039
0.0006424682214856148
0.0006386876339092851
0.0006361052510328591
0.0006339725805446506
0.00063443707767874
0.000634583062492311
0.0006393830408342183
0.0006391609204001725
0.0006362723652273417
0.0006333395722322166
0.0006334463832899928
0.0006300007225945592
0.000628901703748852
0.0006303289555944502
0.0006331205368041992
0.0006295301136560738
0.000624693522695452
0.0006245633703656495
0.0006268423167057335
0.0006248110439628363
0.0006257316563278437
0.0006235026521608233
0.0006281135720200837
0.0006312973564490676
0.0006373418145813048
0.0006454951362684369
0.0006573231657966971
0.0006654207245446742
0.0006695485208183527
0.0006648356793448329
0.0006583842914551497
0.0006429915665648878
0.000626367749646306
0.0006192995351739228
0.000617204699665308
0.0006229120190255344
0.000628224341198802
0.0006332469638437033
0.0006290401215665042
0.0006188601837493479
0.000609198585152626
0.0006124643259681761
0.0006195270107127726
0.0006238978239707649
0.0006297722575254738
0.0006299689412117004
0.0006320048705674708
0.0006232369341887534
0.0006135745788924396
0.0006086936919018626
0.0006075795390643179
0.0006094873533584177
0.0006127633387222886
0.0006185095990076661
0.0006181680364534259
0.0006102292682044208
0.0006004698807373643
0.000595194986090064
0.0005942572606727481
0.0005952639039605856
0.0005950572085566819
0.0005946282180957496
0.0005918027018196881
0.0005913566565141082
0.0005923580029048026
0.0006001667934469879
0.0006163884536363184
0.0006507934886030853
0.0006834326777607203
0.0007275803363882005
0.0007988927536644042
0.0009448466007597744
0.0011248384835198522
0.0014472713228315115
0.0017120834672823548
0.0019878814928233624
0.0017413811292499304
0.001266763312742114
0.0007381186005659401
0.0006352966884151101
0.0008959617698565125
0.0010957169579342008
0.0010009051766246557
0.000708644394762814
0.0006116956355981529
0.0007420539041049778
0.0008112198556773365
0.0007143666152842343
0.0006007480551488698
0.0006385754095390439
0.0007272759103216231
0.0007136472268030047
0.0006327381706796587
0.0005991692887619138
0.0006478550494648516
0.000697154609952122
0.0006653707823716104
0.0006084786728024483
0.000603817286901176
0.0006366664892993867
0.0006379678379744291
0.0005980178248137236
0.0005888804444111884
0.0006175570888444781
0.0006184571539051831
0.0005807224661111832
0.0005651252577081323
0.0005806630942970514
0.0005890702013857663
0.0005706654046662152
0.0005583661259151995
0.0005664711352437735
0.0005715100560337305
0.0005662981420755386
0.0005628415965475142
0.0005649106460623443
0.0005655776476487517
0.0005636882851831615
0.0005582306766882539
0.0005557617987506092
0.000552911136765033
0.0005529933259822428
0.0005513830110430717
0.0005480435793288052
0.0005495997029356658
0.0005477332742884755
0.0005457940860651433
0.0005449664895422757
0.0005454461788758636
0.0005449929740279913
0.0005415284540504217
0.0005395458429120481
0.0005377801135182381
0.0005378800560720265
0.0005369429709389806
0.0005353528540581465
0.0005334517336450517
0.0005337373004294932
0.0005355020985007286
0.0005358090274967253
0.0005350073333829641
0.0005321222706697881
0.00052728719310835
0.0005282495403662324
0.0005280767800286412
0.0005247694789431989
0.0005292795831337571
0.000532935606315732
0.0005349061102606356
0.0005307449027895927
0.0005222676554694772
0.0005194463883526623
0.0005196795682422817
0.0005223145708441734
0.0005205688066780567
0.0005188519135117531
0.0005176642443984747
0.0005158429266884923
0.0005141981528140604
0.0005141078727319837
0.0005120205460116267
0.000515298277605325
0.0005185426562093198
0.000521594425663352
0.0005194667028263211
0.0005172145320102572
0.0005134890670888126
0.0005088105681352317
0.0005033154156990349
0.0005037451628595591
0.0005050544277764857
0.0005069008911959827
0.0005078835529275239
0.0005060278926976025
0.0005068015889264643
0.0005019148229621351
0.0004968055291101336
0.0004950021975673735
0.0004953476600348949
0.0004975103656761348
0.0004947796696797013
0.0004953334573656321
0.0004946512635797262
0.0004988106666132808
0.0004951828741468489
0.000494329840876162
0.0004921132349409163
0.0004925235989503562
0.0004879964399151504
0.0004866963136009872
0.0004846643714699894
0.00048554217210039496
0.0004843908827751875
0.0004796716966666281
0.0004811484832316637
0.000481843133457005
0.0004804541531484574
0.00047898537013679743
0.0004772371321450919
0.0004814819258172065
0.00048230699030682445
0.0004801665781997144
0.0004735550901386887
0.00047294754767790437
0.0004752181994263083
0.00048318380140699446
0.0004913074080832303
0.0004959320067428052
0.0004941007355228066
0.0004853949649259448
0.000475063337944448
0.00047021900536492467
0.0004676184616982937
0.00046808781917206943
0.0004659850092139095
0.00046668219147250056
0.0004649635811802
0.0004615858488250524
0.00046210488653741777
0.00046270800521597266
0.00046213262248784304
0.0004642491403501481
0.0004574411432258785
0.00045744358794763684
0.00045500663691200316
0.0004552639147732407
0.00045352132292464375
0.00045165285700932145
0.0004533897154033184
0.00045293098082765937
0.00044982723193243146
0.00045111836516298354
0.00044926037662662566
0.0004498352645896375
0.0004502162046264857
0.0004511943261604756
0.0004541025264188647
0.00045601496822200716
0.00045743249938823283
0.00045828777365386486
0.0004629500908777118
0.0004786594945471734
0.0004989368026144803
0.000533476413693279
0.0005746514652855694
0.0006361038540489972
0.0006879115244373679
0.0007539664511568844
0.0007381525356322527
0.0007298187119886279
0.0006523019401356578
0.0005819889483973384
0.0005005862913094461
0.0004481699434109032
0.0004421029589138925
0.0004792902327608317
0.0005446908180601895
0.0005758636398240924
0.0005838517099618912
0.000547354924492538
0.000501090195029974
0.000457065092632547
0.00043712937622331083
0.00043525153887458146
0.0004437010793481022
0.00045052397763356566
0.0004490454157348722
0.000440250092651695
0.0004374762356746942
0.0004414134891703725
0.0004427969397511333
0.0004373094707261771
0.000435463385656476
0.0004338576691225171
0.0004347350914031267
0.00042588094947859645
0.0004208570462651551
0.0004261460853740573
0.0004283308226149529
0.0004251707869116217
0.00041939946822822094
0.0004196777881588787
0.00042010509059764445
0.00042293808655813336
0.00042288278928026557
0.00042683043284341693
0.0004253346414770931
0.0004184901190456003
0.00041594839422032237
0.0004157092480454594
0.0004173681081738323
0.0004194548528175801
0.0004240130365360528
0.00042428498272784054
0.00043047452345490456
0.00042743899393826723
0.0004261910216882825
0.00042016158113256097
0.0004142610705457628
0.0004082238592673093
0.00040823919698596
0.00041090635932050645
0.0004137424402870238
0.0004145348211750388
0.00041374319698661566
0.0004111559537705034
0.0004063267260789871
0.0004065543762408197
0.00040708493907004595
0.00040883797919377685
0.000412500201491639
0.0004129399894736707
0.000411771732615307
0.00040751032065600157
0.0004057163605466485
0.0004030516720376909
0.00040234829066321254
0.00039995237602852285
0.0003958765009883791
0.0003959609312005341
0.0003989364195149392
0.00039941834984347224
0.0003974722058046609
0.00039463158464059234
0.00039533732342533767
0.000397411931771785
0.00039453787030652165
0.0003930852108169347
0.0003940044261980802
0.00040044603520072997
0.0004050628049299121
0.0004075804026797414
0.00040839644498191774
0.0004046260437462479
0.00039394767372868955
0.00038844632217660546
0.0003869344072882086
0.000389458320569247
0.00039942190051078796
0.00041211157804355025
0.0004197888192720711
0.00042828466393984854
0.0004363336192909628
0.0004330818774178624
0.00041456695180386305
0.0003920923627447337
0.00038475811015814543
0.000399662705603987
0.00042779266368597746
0.0004450376727618277
0.00045343220699578524
0.00044891031575389206
0.0004493763844948262
0.0004509570717345923
0.0004638888640329242
0.00048091515782289207
0.0005008390871807933
0.0005054700886830688
0.0004830176767427474
0.0004374147392809391
0.0003949199162889272
0.00037937730667181313
0.0003877928829751909
0.0004059120547026396
0.00041883447556756437
0.00042229765676893294
0.0004114382900297642
0.00038766107172705233
0.00037268135929480195
0.00038372157723642886
0.0004091823648195714
0.000438044429756701
0.0004454395966604352
0.00043414687388576567
0.0003988165408372879
0.0003739436506293714
0.0003777514793910086
0.00039660814218223095
0.0004277969419490546
0.00043959569302387536
0.00041957912617363036
0.0003829984343610704
0.0003741999971680343
0.00039476226083934307
0.0004231389320921153
0.00044471744331531227
0.0004330598749220371
0.00039982583257369697
0.00036935205571353436
0.00037274666829034686
0.0003979641478508711
0.00040930655086413026
0.0004001977213192731
0.0003861621080432087
0.00037751515628769994
0.00037919249734841287
0.0003930593957193196
0.00042053573997691274
0.00044880775385536253
0.0004817201988771558
0.0004898789920844138
0.0005044942372478545
0.0004978524520993233
0.0004903274239040911
0.00046931341057643294
0.0004400736070238054
0.0004033578734379262
0.00037369492929428816
0.0003617288311943412
0.00036297706537880003
0.0003737921651918441
0.00038400955963879824
0.0003838230040855706
0.00037758343387395144
0.00037259262171573937
0.00036499896668829024
0.00036181003088131547
0.0003635838511399925
0.00036143214674666524
0.0003547033411450684
0.000360168021870777
0.00036427038139663637
0.00036126209306530654
0.0003606447426136583
0.00035930718877352774
0.0003566002706065774
0.0003591208078432828
0.0003648029814939946
0.0003612786822486669
0.00035782798659056425
0.00035785886575467885
0.0003516938886605203
0.0003502510953694582
0.0003504461783450097
0.00035591667983680964
0.00035617052344605327
0.0003558565804269165
0.0003514038980938494
0.00034858661820180714
0.000352509698132053
0.00035944447154179215
0.00036541325971484184
0.00035948705044575036
0.00035442059743218124
0.0003493154072202742
0.00034727322054095566
0.0003458035353105515
0.00034685092396102846
0.00034815826802514493
0.0003495368000585586
0.00035351424594409764
0.0003567905514501035
0.0003632906009443104
0.00036547431955114007
0.00036352002643980086
0.00035966993891634047
0.0003565798979252577
0.00035483206738717854
0.0003536902368068695
0.00035701910383068025
0.000365190498996526
0.0003719786473084241
0.00036897178506478667
0.0003677690983749926
0.00036665305378846824
0.0003688228316605091
0.0003802482970058918
0.0004076245240867138
0.00046400786959566176
0.0005381228402256966
0.0006776914233341813
0.0008261460461653769
0.001040524453856051
0.0010962969390675426
0.0011321045458316803
0.0009524533525109291
0.0006697498029097915
0.00042555792606435716
0.0003680021327454597
0.0005000153323635459
0.0006552443956024945
0.0006589480326510966
0.0004921875661239028
0.00035301753086969256
0.00037230190355330706
0.0004832341510336846
0.000506494427099824
0.000412198540288955
0.0003439766587689519
0.0003796936653088778
0.0004410287656355649
0.00042253226274624467
0.0003622991207521409
0.0003626045654527843
0.0004146205901633948
0.0004198169626761228
0.0003633340238593519
0.0003436200204305351
0.0003826158354058862
0.00039967295015230775
0.0003765705623663962
0.00034584745299071074
0.00034110952401533723
0.0003572648565750569
0.00036435259971767664
0.0003507824440021068
0.0003403688606340438
0.0003448129864409566
0.00035972680780105293
0.00035895640030503273
0.00034277388476766646
0.00033832291956059635
0.00034310953924432397
0.00035372786805965006
0.00034925350337289274
0.0003391170466784388
0.0003335686051286757
0.00033586769131943583
0.00033593547414056957
0.0003346774319652468
0.00033281699870713055
0.00033266187529079616
0.00033538806019350886
0.0003375604865141213
0.00033426948357373476
0.00033453991636633873
0.0003362479619681835
0.0003390548226889223
0.0003396561078261584
0.0003374555381014943
0.0003320910327602178
0.0003307588049210608
0.0003345761797390878
0.0003362231655046344
0.0003367857716511935
0.00033429410541430116
0.00032957008806988597
0.0003298990777693689
0.0003343408170621842
0.0003358011308591813
0.00033701022039167583
0.00033071718644350767
0.0003258859505876899
0.0003270828747190535
0.00032909945002757013
0.0003280536911915988
0.00032365910010412335
0.0003261769888922572
0.0003284528211224824
0.00033030658960342407
0.0003348720201756805
0.0003349713224451989
0.0003306849393993616
0.0003246486885473132
0.00032400229247286916
0.00032801838824525476
0.0003298002411611378
0.0003254693583585322
0.0003242574748583138
0.00032193202059715986
0.00032312251278199255
0.0003277900686953217
0.00032542512053623796
0.0003223487292416394
0.00031934387516230345
0.00032115407520905137
0.0003243212995585054
0.000327399029629305
0.0003256296622566879
0.0003234794712625444
0.0003235107578802854
0.0003203479864168912
0.00031954230507835746
0.0003192638687323779
0.00032009821734391153
0.0003195445460733026
0.0003169543342664838
0.0003191716969013214
0.00031851042876951396
0.0003164974332321435
0.0003208954003639519
0.00032194863888435066
0.00031957615283317864
0.00032029260182753205
0.00032169363112188876
0.0003217325429432094
0.0003200708015356213
0.000321091414662078
0.0003199974889867008
0.00032189703779295087
0.00032574913348071277
0.00032555675716139376
0.0003214003809262067
0.0003206659748684615
0.000319121521897614
0.00031622443930245936
0.00031461563776247203
0.00031403001048602164
0.0003132748242933303
0.0003129435353912413
0.00031347028561867774
0.00031322817085310817
0.0003145487862639129
0.0003163269138894975
0.00032153495703823864
0.00032916240161284804
0.0003477848949842155
0.00037002525641582906
0.0003897561109624803
0.00038929920992814004
0.00037604651879519224
0.0003544468490872532
0.0003338109818287194
0.0003209526475984603
0.00031557868351228535
0.00031538502662442625
0.0003144042275380343
0.0003190232964698225
0.00032787505188025534
0.00033392818295396864
0.0003340254770591855
0.00032750912941992283
0.0003151683777105063
0.00031418688013218343
0.00032190821366384625
0.0003354345681145787
0.0003389424236956984
0.00033960180007852614
0.00033829137100838125
0.00033908963087014854
0.0003373482613824308
0.00033346429700031877
0.0003330818726681173
0.0003310806641820818
0.00031954579753801227
0.0003078641020692885
0.00030706130200996995
0.00032099068630486727
0.00033394593629054725
0.00033437865204177797
0.00031944626243785024
0.00030661720666103065
0.0003157542960252613
0.00033924481249414384
0.00036242359783500433
0.00036317764897830784
0.0003476640849839896
0.0003277789510320872
0.0003200723440386355
0.00033027800964191556
0.00033792160684242845
0.000330725364619866
0.00031487084925174713
0.00030413983040489256
0.00030584234627895057
0.0003144418296869844
0.00032380447373725474
0.0003208624548278749
0.0003087694349233061
0.00030425837030634284
0.00030499816057272255
0.0003089116944465786
0.00031025538919493556
0.00030755557236261666
0.00030463573057204485
0.0003092887927778065
0.00032287402427755296
0.0003399261913727969
0.0003659992653410882
0.00040437429561279714
0.0004596285871230066
0.0005089375772513449
0.0005591199733316898
0.000580491148866713
0.0005749766132794321
0.0005391247686930001
0.0004673998337239027
0.0003815538657363504
0.0003187309193890542
0.00031011528335511684
0.00033942385925911367
0.0003751121403183788
0.00039042829303070903
0.0003754163335543126
0.0003450622025411576
0.0003138979081995785
0.00030173451523296535
0.0003183114458806813
0.0003376570821274072
0.0003441771841607988
0.0003390384081285447
0.0003213314339518547
0.0003061144379898906
0.00030666886596009135
0.0003223054518457502
0.0003468394570518285
0.00037089831312187016
0.0003775264776777476
0.0003583307843655348
0.00032903329702094197
0.0003061687748413533
0.0003028392675332725
0.0003170788404531777
0.00034186957054771483
0.000364208419341594
0.0003663301467895508
0.00034911403781734407
0.0003191458235960454
0.0003003425954375416
0.00030396811780519783
0.00031740000122226775
0.000327440386172384
0.000327498244587332
0.00031679996754974127
0.00030062434962019324
0.0002933715586550534
0.0003007201594300568
0.00031122646760195494
0.0003133669088128954
0.0003080366877838969
0.00030430496553890407
0.00030967898783273995
0.00031007101642899215
0.00031005984055809677
0.0003130435652565211
0.00031199539080262184
0.00030990850063972175
0.0003104278293903917
0.00029747028020210564
0.00029199180426076055
0.00030099196010269225
0.0003050730156246573
0.00030472554499283433
0.0003026442136615515
0.0002965558087453246
0.00029564471333287656
0.00029714807169511914
0.0002961644495371729
0.00030205107759684324
0.0003069991071242839
0.0003113377024419606
0.0003140836488455534
0.00031782002770341933
0.00031816927366890013
0.0003122975176665932
0.00030752038583159447
0.0002999155840370804
0.00029548013117164373
0.0002953044604510069
0.00030298091587610543
0.00030519007123075426
0.00030219965265132487
0.00029813035507686436
0.00029378983890637755
0.0002939891710411757
0.00029768116655759513
0.00029974401695653796
0.00029890285804867744
0.0002923666615970433
0.0002918913960456848
0.0002957911929115653
0.00029661357984878123
0.0002946137683466077
0.0002906525623984635
0.0002863359695766121
0.0002863695553969592
0.0002884960558731109
0.0002881246036849916
0.00028841133462265134
0.00028845277847722173
0.0002864906273316592
0.000285270216409117
0.00028685733559541404
0.0002878329833038151
0.0002899450482800603
0.00029230170184746385
0.00029432191513478756
0.00029194430680945516
0.000288515497231856
0.0002858955995179713
0.0002828625438269228
0.00028696615481749177
0.0002910557377617806
0.00029487989377230406
0.00029919104417786
0.0003090196114499122
0.00031325488816946745
0.0003131750854663551
0.0003088628582190722
0.00030412300839088857
0.0002977894910145551
0.0002909284958150238
0.0002862084947992116
0.00028647296130657196
0.00028883383492939174
0.000298426894005388
0.0003165519156027585
0.0003470414085313678
0.0003894058463629335
0.0004190558393020183
0.00042838562512770295
0.000409686123020947
0.0003724306297954172
0.00033157478901557624
0.0002972897491417825
0.00028054160065948963
0.00028426971402950585
0.0003017860872205347
0.00031828926876187325
0.0003255366755183786
0.0003142512869089842
0.00029731629183515906
0.00028712040511891246
0.00028697491507045925
0.0002910471521317959
0.00028677997761406004
0.00028342317091301084
0.00028185092378407717
0.00028268000460229814
0.00028209463926032186
0.00027952922391705215
0.0002776380570139736
0.00027920238790102303
0.0002809093566611409
0.00028038310119882226
0.00027897508698515594
0.00027808634331449866
0.0002810615405905992
0.00028968934202566743
0.00030409713508561254
0.0003209584974683821
0.00033416313817724586
0.000337092176778242
0.00032496213680133224
0.00030193247948773205
0.0002792266895994544
0.0002767821424640715
0.0002845017006620765
0.0002916990779340267
0.00029698136495426297
0.0002943416766356677
0.0002921871782746166
0.0002862615801859647
0.000280544045381248
0.00027596004656516016
0.0002771707368083298
0.00027831614715978503
0.00027981962193734944
0.00027819134993478656
0.0002772329899016768
0.0002773218147922307
0.0002775216125883162
0.0002783170493785292
0.0002792260202113539
0.00028103930526413023
0.000284761656075716
0.00029053795151412487
0.0002933134965132922
0.00029349102987907827
0.000294397643301636
0.0002936419623438269
0.0002912624040618539
0.0002861090761143714
0.00028139009373262525
0.00027261869399808347
0.00027279587811790407
0.00027607069932855666
0.0002825000265147537
0.00028532437863759696
0.000286934053292498
0.0002902042178902775
0.00028950738487765193
0.00028979036142118275
0.00028820475563406944
0.0002901116677094251
0.0002896244404837489
0.0002913337084464729
0.0002938690595328808
0.0002992128429468721
0.00031244163983501494
0.00032137861126102507
0.0003195344179403037
0.00030357824289239943
0.0002839315857272595
0.00027180640609003603
0.0002792504383251071
0.0002881971886381507
0.00028372183442115784
0.00027962468448095024
0.00027434303774498403
0.0002783279924187809
0.00027803139528259635
0.00028043100610375404
0.0002869493328034878
0.0002907062880694866
0.0002820059016812593
0.0002772175066638738
0.0002725182566791773
0.00027854714426212013
0.0002832231984939426
0.00028399552684277296
0.0002885990252252668
0.00029588674078695476
0.00031510894768871367
0.0003446175542194396
0.0003900923766195774
0.0004324549518059939
0.0004666921158786863
0.0004713188100140542
0.00045875884825363755
0.0004145635466556996
0.0003573846770450473
0.0003095429274253547
0.00027825127472169697
0.0002677307347767055
0.00027855142252519727
0.00030342853278853
0.00033112525125034153
0.00034870667150244117
0.0003493113617878407
0.0003287425497546792
0.00030552202952094376
0.0002821907983161509
0.00026894352049566805
0.00027157197473570704
0.0002831984020303935
0.00029575827647931874
0.0003005886101163924
0.0002983322483487427
0.0002872389741241932
0.00027526292251423
0.0002672619593795389
0.00026948488084599376
0.00027677047182805836
0.0002806115080602467
0.0002788441488519311
0.00027513393433764577
0.0002709288673941046
0.00027121641323901713
0.0002731987042352557
0.000273744371952489
0.00027394990320317447
0.00027167858206667006
0.00026939870440401137
0.0002653554838616401
0.00026350171538069844
0.0002658413432072848
0.0002667730441316962
0.00026555926888249815
0.00026580324629321694
0.00026561791310086846
0.0002654809213709086
0.00026520618121139705
0.0002639205486048013
0.0002644942724145949
0.0002634248521644622
0.000262925197603181
0.0002629731607157737
0.0002650845272000879
0.00027241205680184066
0.0002828728756867349
0.0002954999217763543
0.00029818431357853115
0.00029594553052447736
0.0002895248762797564
0.0002893877390306443
0.00028993829619139433
0.00028102382202632725
0.0002711050910875201
0.0002639775921124965
0.00026210828218609095
0.0002712349232751876
0.0002851767640095204
0.0003157209139317274
0.0003514462732709944
0.00037801286089234054
0.0003864636819344014
0.00036679382901638746
0.0003285453421995044
0.0002912672352977097
0.00026937504298985004
0.00027342120301909745
0.0002862394612748176
0.0003003455058205873
0.0003074182604905218
0.0003005394246429205
0.0002812575548887253
0.0002631961542647332
0.0002595008409116417
0.0002671658294275403
0.0002727998944465071
0.00026987839373759925
0.0002615218691062182
0.0002595728437881917
0.0002629582304507494
0.0002676412113942206
0.00026799397892318666
0.00026168572367168963
0.0002593872486613691
0.0002619030128698796
0.0002650075766723603
0.00026730989338830113
0.00026645773323252797
0.0002618360740598291
0.00026008309214375913
0.00025898401509039104
0.0002594339312054217
0.000261760811554268
0.00026221221196465194
0.0002633639087434858
0.0002629973751027137
0.0002633810508996248
0.00026288049411959946
0.00025961207575164735
0.0002607460191939026
0.00026542178238742054
0.0002661597391124815
0.0002634934789966792
0.0002610978845041245
0.0002572678786236793
0.0002568008494563401
0.00025761238066479564
0.00025689241010695696
0.00025827938225120306
0.00025695344083942473
0.00025677666417323053
0.0002569214266259223
0.00025711607304401696
0.0002562698791734874
0.0002551665820647031
0.00025731048663146794
0.00025820324663072824
0.0002590893127489835
0.0002580785076133907
0.00025649473536759615
0.00025580075453035533
0.00025559894856996834
0.0002552585501689464
0.0002539635170251131
0.0002590414369478822
0.0002726755919866264
0.00029737877775914967
0.00032967026345431805
0.0003647425037343055
0.0003929767699446529
0.00040721416007727385
0.00039995714905671775
0.00036095388350076973
0.00030734293977729976
0.0002693444839678705
0.00025397769059054554
0.00025719599216245115
0.00027134219999425113
0.00029060887754894793
0.00030565616907551885
0.0003049042425118387
0.0002909348695538938
0.0002744659723248333
0.00026401985087431967
0.00026131165213882923
0.000260326691204682
0.00026144456933252513
0.00026866619009524584
0.00027830040198750794
0.00028277860837988555
0.0002818726934492588
0.0002779957721941173
0.0002725320227909833
0.0002631393144838512
0.0002545660245232284
0.00025055883452296257
0.0002534812083467841
0.0002564713649917394
0.00026362837525084615
0.00026597079704515636
0.0002645996573846787
0.00026348186656832695
0.0002602078311610967
0.0002545794995967299
0.00025290827034041286
0.0002564926980994642
0.0002588139323052019
0.00025725524756126106
0.0002558919950388372
0.0002580804575700313
0.0002674647548701614
0.0002710411499720067
0.00026284626801498234
0.00025268143508583307
0.00024897995172068477
0.0002562401641625911
0.0002670970279723406
0.00026987690944224596
0.0002606235211715102
0.00025343228480778635
0.00025567624834366143
0.00026297493604943156
0.00026046927087008953
0.0002562396111898124
0.000253695179708302
0.0002559111453592777
0.0002577660488896072
0.00025776730035431683
0.0002554615493863821
0.0002575503312982619
0.0002593819226603955
0.0002571586810518056
0.00025115383323282003
0.00024980396847240627
0.00025462513440288603
0.0002606732596177608
0.0002618474536575377
0.0002599265135359019
0.00025844149058684707
0.0002620680024847388
0.0002623782493174076
0.0002592994424048811
0.0002660656173247844
0.0002785628894343972
0.0002918138343375176
0.00029814624576829374
0.000293336488539353
0.00027809132006950676
0.00025941463536582887
0.000248874188400805
0.0002495413937140256
0.00025779311545193195
0.00026776533923111856
0.0002738555776886642
0.00027023680740967393
0.0002598870196379721
0.0002485357108525932
0.0002471028419677168
0.0002532924700062722
0.000257525040069595
0.000260597764281556
0.00026177067775279284
0.0002562642621342093
0.00024986130301840603
0.0002496051602065563
0.0002516402455512434
0.00025620177621021867
0.00025879524764604867
0.00026271131355315447
0.000264187779976055
0.0002647959045134485
0.00026251401868648827
0.0002596922277007252
0.00025565410032868385
0.0002513755753170699
0.00024989224039018154
0.0002478592505212873
0.00024684579693712294
0.00024452278739772737
0.00024373637279495597
0.0002459527167957276
0.000246124662226066
0.0002443940902594477
0.00024508332717232406
0.00024404103169217706
0.00024510399089194834
