0.0068964313117744905
0.010367092525649985
0.01570397869429805
0.020783442972143264
0.025010459611869672
0.03077588882826438
0.03401106797074052
0.04007432898718186
0.042577187065035105
0.04863221914803779
0.05062203837389296
0.05616982128809799
0.05759683641901409
0.06284335905432024
0.06416881719434803
0.07006831405769018
0.07180528806268492
0.07876477915454995
0.08063465684906325
0.08790633378719742
0.09008713134310463
0.09722832548008724
0.0998329938897355
0.10719104712321
0.11041034597226164
0.11816942852667787
0.12177949703552506
0.12962192517112603
0.13284100490537556
0.14045347840609876
