0.47969305515289307
1.1664223670959473
0.08537410199642181
0.1623641699552536
0.31906798481941223
0.25136151909828186
0.1405969262123108
0.09104003757238388
0.092350535094738
0.10264623165130615
0.10297735035419464
0.09696315973997116
0.08688933402299881
0.07301940768957138
0.05872420221567154
0.04750513657927513
0.040538039058446884
0.03678201138973236
0.03465184569358826
0.032929278910160065
0.03112071380019188
0.029095901176333427
0.026335980743169785
0.022647228091955185
0.018284184858202934
0.014323288574814796
0.011952940374612808
0.01184918638318777
0.013560151681303978
0.015409878455102444
0.015578502789139748
0.013558737002313137
0.010820755735039711
0.008997769095003605
0.008562213741242886
0.00862070731818676
0.008198264054954052
0.007002927362918854
0.0054148053750395775
0.004053677897900343
0.0033811586908996105
0.0034913576673716307
0.004020576365292072
0.004339235369116068
0.004085942171514034
0.0034882789477705956
0.0030387139413505793
0.0029419560451060534
0.0030394690111279488
0.0030582791659981012
0.0028323126025497913
0.002411994617432356
0.0019905678927898407
0.001712994766421616
0.0016414225101470947
0.001691785641014576
0.00168448849581182
0.0015128599479794502
0.001247031381353736
0.0011035995557904243
0.001123911002650857
0.0011468806769698858
0.0010320247383788228
0.0008511001942679286
0.0007454444421455264
0.0007390512619167566
0.0007616873481310904
0.0007318757707253098
0.0006512807449325919
0.0005817035562358797
0.0005733559373766184
0.0005881147226318717
0.0005662464536726475
0.000506214564666152
0.00045980687718838453
0.00045724408118985593
0.00047220426495186985
0.00045637873699888587
0.00041481663356535137
0.00039138083229772747
0.00040068745147436857
0.00040275551145896316
0.00037578202318400145
0.0003475989797152579
0.00033832070766948164
0.00034250342287123203
0.0003346495213918388
0.0003138878382742405
0.0003054036933463067
0.0003094645799137652
0.0003078788868151605
0.00029991340124979615
0.0002913772186730057
0.00029061443638056517
0.00029134153737686574
0.00028316836687736213
0.0002739672490861267
0.00027329541626386344
0.00027552706887945533
0.00027232078718952835
0.0002664466737769544
0.0002650581591296941
0.00026451886515133083
0.0002640342281665653
0.00026015270850621164
0.00025951865245588124
0.0002585982147138566
0.0002574963145889342
0.00025667223962955177
0.0002553820959292352
0.0002555948740337044
0.0002544860471971333
0.0002545408206060529
0.0002538912231102586
0.0002522093418519944
0.0002525577147025615
0.00025095106684602797
0.00024957378627732396
0.0002478228707332164
0.00024955658591352403
0.0002480096591170877
0.00024624919751659036
0.00024615676375105977
0.0002457600203342736
0.0002457610098645091
0.00024373897758778185
0.0002430090680718422
0.000244245893554762
0.0002431216707918793
0.00024262831720989197
0.00024057264090515673
0.00024043007579166442
0.0002392459282418713
0.00023981733829714358
0.00023921144020278007
0.00023751030676066875
0.00023642364249099046
0.00023681203310843557
0.00023697834694758058
0.0002362564264331013
0.00023639014398213476
0.00023537590459454805
0.00023471759050153196
0.00023481572861783206
0.00023443496320396662
0.00023351729032583535
0.000232536782277748
0.00023160624550655484
0.0002328527334611863
0.00023022496316116303
0.0002301346539752558
0.00022932412684895098
0.00022907838865648955
0.00022856656869407743
0.00022887447266839445
0.0002266989031340927
0.00022753261146135628
0.00022746775357518345
0.00022614115732721984
0.00022664682182949036
0.0002249682875117287
0.00022591580636799335
0.00022390343656297773
0.00022490593255497515
0.00022392808750737458
0.00022307850304059684
0.0002224989584647119
0.00022142591478768736
0.00022113166050985456
0.00022084869851823896
0.0002205438941018656
0.00022016509319655597
0.000218765766476281
0.00021877398830838501
0.00021745587582699955
0.0002173667016904801
0.00021759963419754058
0.0002174947439925745
0.00021705374820157886
0.00021695464965887368
0.00021666224347427487
0.00021463293523993343
0.0002147008926840499
0.00021426976309157908
0.000213434876059182
0.0002122575679095462
0.00021215106244198978
0.00021287558774929494
0.00021120072051417083
0.0002113830705638975
0.0002122006844729185
0.00021052562806289643
0.00021000325796194375
0.00020996412786189467
0.00020902339019812644
0.00020797515753656626
0.00020826587569899857
0.00020876413327641785
0.0002072325733024627
0.00020538200624287128
0.00020635015971492976
0.0002061142004095018
0.00020553039212245494
0.00020446980488486588
0.00020432192832231522
0.0002033323107752949
0.0002032600314123556
0.00020259933080524206
0.00020275406131986529
0.00020229295478202403
0.00020061348914168775
0.00020123837748542428
0.00020033381588291377
0.0002005350252147764
0.00019951173453591764
0.00019901803170796484
0.00019877355953212827
0.000198271925910376
0.00019793208048213273
0.00019751193758565933
0.00019725851598195732
0.00019656220683827996
0.00019678851822391152
0.00019558792700991035
0.00019570774747990072
0.00019376951968297362
0.00019337536650709808
0.0001942476083058864
0.0001937173365149647
0.00019426913058850914
0.00019202865951228887
0.00019280053675174713
0.00019301360589452088
0.00019132517627440393
0.00019061457714997232
0.00018958727014251053
0.00019093260925728828
0.00018989933596458286
0.0001891764550236985
0.00018882309086620808
0.00018927521887235343
0.00018959239241667092
0.00018729109433479607
0.0001866681850515306
0.00018645194359123707
0.00018595039728097618
0.0001852896239142865
0.0001845906226662919
0.00018574524438008666
0.0001846914237830788
0.0001851208071457222
0.0001829630637075752
0.0001842965284595266
0.0001837105955928564
0.00018353592895437032
0.00018288420687895268
0.00018338521476835012
0.00018286806880496442
0.00018045461911242455
0.0001808408269425854
0.00017951731570065022
0.0001802293409127742
0.00018038562848232687
0.00017886451678350568
0.00017899618251249194
0.00017789284174796194
0.0001773418189259246
0.00017787521937862039
0.00017723020573612303
0.0001768349320627749
0.00017650597146712244
0.00017568704788573086
0.0001759953738655895
0.0001759102160576731
0.00017474527703598142
0.0001744110486470163
0.0001743762695696205
0.00017388438573107123
0.00017303712957073003
0.00017284134810324758
0.00017141374701168388
0.00017266106442548335
0.00017299214960075915
0.00017222388123627752
0.00017070909962058067
0.00017094434588216245
0.0001708640338620171
0.00016933627193793654
0.00016960399807430804
0.00016891962150111794
0.00016830522508826107
0.00016749135102145374
0.0001670977653702721
0.00016872362175490707
0.00016675596998538822
0.00016785564366728067
0.00016574199253227562
0.00016571543528698385
0.00016693962970748544
0.00016456091543659568
0.00016443687491118908
0.00016341989976353943
0.00016436264559160918
0.00016399014566559345
0.0001631102932151407
0.00016346547636203468
0.0001632392522878945
0.0001629903563298285
0.00016187487926799804
0.0001619777176529169
0.00016101363871712238
0.00016284591401927173
0.00016020407201722264
0.00015965095371939242
0.0001592504559084773
0.00015927563072182238
0.000159345509018749
0.000158985290909186
0.00015857721155043691
0.00015782544505782425
0.00015748273290228099
0.00015715189510956407
0.00015703687677159905
0.0001563092228025198
0.0001565826532896608
0.00015700251969974488
0.00015654729213565588
0.00015531998360529542
0.0001555198832647875
0.00015493505634367466
0.00015366473235189915
0.00015381821140181273
0.00015315442578867078
0.00015343459381256253
0.00015313616313505918
0.00015197470202110708
0.00015247859118971974
0.0001515288167865947
0.00015272341261152178
0.00014927730080671608
0.00015046705084387213
0.00015039775462355465
0.0001502542436355725
0.00015070964582264423
0.0001493301970185712
0.00014900298265274614
0.00014966433809604496
0.00014878838555887341
0.0001483811647631228
0.00014804476813878864
0.00014714531425852329
0.0001473381562391296
0.00014645552437286824
0.00014549968182109296
0.00014686693612020463
0.00014499443932436407
0.00014607467164751142
0.00014620510046370327
0.00014530633052345365
0.0001458842889405787
0.00014469797315541655
0.00014440753147937357
0.00014470849419012666
0.00014354394807014614
0.00014288132661022246
0.0001429571711923927
0.0001416529412381351
0.00014300098700914532
0.00014258487499319017
0.00014257917064242065
0.0001413409918313846
0.00014075574290473014
0.0001402953639626503
0.00014063104754313827
0.00014051263860892504
0.0001403528731316328
0.0001401224872097373
0.00014112253847997636
0.00013973239401821047
0.00013930797285865992
0.0001387230440741405
0.00014052752521820366
0.0001378078741254285
0.00013855897122994065
0.00013854654389433563
0.0001372637925669551
0.0001387118682032451
0.0001372308179270476
0.00013605387357529253
0.00013648337335325778
0.00013649275933858007
0.00013501642388291657
0.00013522131484933197
0.00013434312131721526
0.00013356065028347075
0.00013512403529603034
0.00013400096213445067
0.00013366724306251854
0.00013353144458960742
0.00013306248001754284
0.00013280579878482968
0.00013237103121355176
0.00013106741243973374
0.0001312913664150983
0.00013152469182386994
0.00013053129077889025
0.0001304907927988097
0.00013022036000620574
0.00012920679000671953
0.0001299376890528947
0.00012895082181785256
0.0001293583627557382
0.0001285568141611293
0.00012808101018890738
0.0001277952833333984
0.00012798787793144584
0.00012813537614420056
0.0001274529058719054
0.00012755893112625927
0.00012883452291134745
0.0001276086550205946
0.00012656947365030646
0.00012679801147896796
0.0001263447047676891
0.00012585839431267232
0.0001256453397218138
0.00012548967788461596
0.00012425360910128802
0.000124492755276151
0.00012348681048024446
0.00012395378143992275
0.00012435734970495105
0.00012273644097149372
0.00012359129323158413
0.00012300228991080076
0.00012268668797332793
0.0001227367902174592
0.00012248595885466784
0.0001221490529133007
0.0001231634960277006
0.00012074722326360643
0.00012115759454900399
0.00012107779912184924
0.00011962534335907549
0.00012016292021144181
0.00012064541078871116
0.00012037317355861887
0.00012036957195959985
0.00012028739001834765
0.00012017812696285546
0.00012032058293698356
0.0001194743235828355
0.00011839972285088152
0.00011802567314589396
0.00011899290257133543
0.00011774593440350145
0.00011845678091049194
0.00011809651186922565
0.00011655210983008146
0.00011688948870869353
0.0001158837039838545
0.00011688706581480801
0.00011647950304904953
0.00011521338456077501
0.00011581863509491086
0.00011691233521560207
0.00011504637950565666
0.00011466860451037064
0.00011445871496107429
0.0001147388102253899
0.00011341337813064456
0.00011401509982533753
0.00011399890354368836
0.00011292772251181304
0.000113083646283485
0.00011327240645186976
0.0001122618923545815
0.00011222004832234234
0.0001115644772653468
0.00011090091720689088
0.00011123795411549509
0.00011077472299803048
0.00011226446076761931
0.00011132748477393761
0.00011044617713196203
0.00011039461242035031
0.00011021878890460357
0.00010964227112708613
0.00010958468919852749
0.00010975603072438389
0.00010919917258433998
0.00010899822518695146
0.00010881876369239762
0.000109406842966564
0.00010862752242246643
0.0001084930554497987
0.000107466199551709
0.00010792940156534314
0.00010780047159641981
0.00010800491145346314
0.00010680334526114166
0.00010669058247003704
0.00010624776041368023
0.00010580746311461553
0.0001067574048647657
0.00010616972576826811
0.00010632241173880175
0.00010591128375381231
0.00010584539268165827
0.00010532965825404972
0.0001055745015037246
0.00010416450095362961
0.00010501889482839033
0.00010511158325243741
0.00010457820462761447
0.00010347517672926188
0.00010409476089989766
0.00010424136416986585
0.00010314130486221984
0.0001029740524245426
0.000103332320577465
0.0001030580242513679
0.00010204403224634007
0.00010208987077930942
0.00010254418157273903
0.0001013903965940699
0.00010197249503107741
0.00010148389992536977
0.00010106954869115725
0.00010127294081030414
0.00010089288844028488
0.00010049052070826292
0.0001007434111670591
0.0001007011451292783
0.00010011548147303984
9.953090193448588e-05
0.00010013751307269558
9.968996164388955e-05
9.850175410974771e-05
9.951119864126667e-05
9.90889166132547e-05
9.791798947844654e-05
9.874742681859061e-05
9.871112706605345e-05
9.868183406069875e-05
9.79712640400976e-05
9.821628191275522e-05
9.763973503140733e-05
9.779864194570109e-05
9.70678374869749e-05
9.745879651745781e-05
9.778306412044913e-05
9.634999878471717e-05
9.620149648981169e-05
9.558742749504745e-05
9.55607756623067e-05
9.577468154020607e-05
9.524967026663944e-05
9.533183765597641e-05
9.529780800221488e-05
9.453283564653248e-05
9.450916695641354e-05
9.497914288658649e-05
9.492976096225902e-05
9.433381637791172e-05
9.408558980794623e-05
9.404608863405883e-05
9.443559974897653e-05
9.344717545900494e-05
9.36610231292434e-05
9.410793427377939e-05
9.245370893040672e-05
9.219902858603746e-05
9.290521848015487e-05
9.212663280777633e-05
9.259250509785488e-05
9.329134627478197e-05
9.208912524627522e-05
9.134573338087648e-05
9.138948371401057e-05
9.167213283944875e-05
9.264120308216661e-05
9.195328311761841e-05
9.096252324525267e-05
9.143768693320453e-05
9.094538108911365e-05
9.007671906147152e-05
9.015666000777856e-05
9.039574069902301e-05
8.975162199931219e-05
8.98024663911201e-05
8.948413596954197e-05
8.937018719734624e-05
8.861730748321861e-05
8.97175123100169e-05
8.877860091160983e-05
8.88047507032752e-05
8.869751763995737e-05
8.852740575093776e-05
8.870114834280685e-05
8.83253596839495e-05
8.860039088176563e-05
8.772448200033978e-05
8.772183355176821e-05
8.72616728884168e-05
8.687317313160747e-05
8.698898454895243e-05
8.674337732372805e-05
8.65203546709381e-05
8.685953071108088e-05
8.670493116369471e-05
8.625742339063436e-05
8.574216917622834e-05
8.6214356997516e-05
8.507231541443616e-05
8.61534135765396e-05
8.534837979823351e-05
8.564446034142748e-05
8.515368972439319e-05
8.542671275790781e-05
8.527406316716224e-05
8.621417509857565e-05
8.70651492732577e-05
8.845277625368908e-05
8.947698370320722e-05
8.930964395403862e-05
8.805868856143206e-05
8.471585169900209e-05
8.333287405548617e-05
8.454751514364034e-05
8.614524267613888e-05
8.666167559567839e-05
8.465319842798635e-05
8.307874668389559e-05
8.325320231961086e-05
8.438115037279204e-05
8.618214633315802e-05
8.509842882631347e-05
8.331920980708674e-05
8.185981278074905e-05
8.243212505476549e-05
8.31605211715214e-05
8.358402556041256e-05
8.249428356066346e-05
8.194152178475633e-05
8.108299516607076e-05
8.144833554979414e-05
8.125141903292388e-05
8.07557808002457e-05
8.142952719936147e-05
8.063678978942335e-05
8.110226917779073e-05
8.003382390597835e-05
8.041654655244201e-05
8.07965116109699e-05
8.183191675925627e-05
8.458225056529045e-05
9.075510024558753e-05
0.00010275267413817346
0.00011467341391835362
0.00012440640421118587
0.00012587291712407023
0.00012629505363292992
0.00012424321903381497
0.00012177241296740249
0.00011825134424725547
0.00011491280019981787
0.00010656003723852336
9.827769099501893e-05
8.912651537684724e-05
8.149990753736347e-05
7.882260251790285e-05
8.14246668596752e-05
8.871717727743089e-05
9.81265984592028e-05
0.0001066500335582532
0.00011261551844654605
0.00011453373736003414
0.00011387169070076197
0.00010829667007783428
9.805390436667949e-05
8.785465615801513e-05
8.139099372783676e-05
7.813729462213814e-05
7.759840809740126e-05
7.814984564902261e-05
7.873928552726284e-05
8.070165495155379e-05
8.471085311612114e-05
9.048962238011882e-05
9.71812114585191e-05
0.00010623112029861659
0.00011564471788005903
0.0001275063696084544
0.0001386212243232876
0.00015003466978669167
0.00015433618682436645
0.00015974616690073162
0.00016112443699967116
0.00016037464956752956
0.00015316873032134026
0.00014333162107504904
0.00012595711450558156
0.00011134578380733728
9.905399201670662e-05
8.890224125934765e-05
8.142364822560921e-05
7.642724813194945e-05
7.331775850616395e-05
7.589165034005418e-05
7.903968798927963e-05
8.168851491063833e-05
8.202617027563974e-05
8.046293805819005e-05
7.7428987424355e-05
7.531394658144563e-05
7.332771201618016e-05
7.398843445116654e-05
7.51263796701096e-05
7.820893370080739e-05
8.25210809125565e-05
9.083612530957907e-05
0.00010375183774158359
0.00011776974133681506
0.00012704946857411414
0.0001346646313322708
0.00013855137513019145
0.00014738783647771925
0.00015455103130079806
0.00016490797861479223
0.0001692817168077454
0.00016967208648566157
0.0001539242803119123
0.000130399945192039
0.00010391994146630168
8.611956582171842e-05
7.509866554755718e-05
7.165826536947861e-05
7.392586121568456e-05
7.899824413470924e-05
8.173395326593891e-05
8.19406341179274e-05
8.008963050087914e-05
7.512201409554109e-05
7.107513374648988e-05
7.155594357755035e-05
7.432983693433926e-05
7.983500108821318e-05
8.625367627246305e-05
9.274087642552331e-05
9.689375292509794e-05
0.0001004948717309162
0.00010180414392380044
9.984529606299475e-05
9.390608465764672e-05
8.491508197039366e-05
7.765566988382488e-05
7.225744047900662e-05
6.974306597840041e-05
6.950280658202246e-05
7.26114958524704e-05
7.832163100829348e-05
8.57717968756333e-05
9.276867058360949e-05
0.0001006119855446741
0.00011035485658794641
0.00012632281868718565
0.00014441263920161873
0.000178685542778112
0.00022997744963504374
0.0003086258075200021
0.00039658613968640566
0.0005241344915702939
0.0006330007454380393
0.000757786794565618
0.0007161411340348423
0.000576662365347147
0.00031206171843223274
0.00011679633462335914
7.903365622041747e-05
0.00018396973609924316
0.0003200567152816802
0.0003526976506691426
0.0002757388283498585
0.00013468092947732657
7.082166848704219e-05
0.00011990572966169566
0.00019168858125340194
0.00019976383191533387
0.0001327891368418932
7.440728222718462e-05
8.5864907305222e-05
0.00013382436009123921
0.00015175194130279124
0.0001229740446433425
8.286295633297414e-05
6.897818821016699e-05
9.470373333897442e-05
0.00013174794730730355
0.0001383204071316868
0.00011591325892368332
8.314068691106513e-05
6.714441406074911e-05
7.324840407818556e-05
8.743077341932803e-05
0.00010001720511354506
9.934724948834628e-05
8.956974488683045e-05
7.536172051914036e-05
6.81448436807841e-05
6.806018791394308e-05
7.615784124936908e-05
8.479470852762461e-05
9.040850272867829e-05
9.33121336856857e-05
9.354650683235377e-05
8.7243206507992e-05
7.62236159062013e-05
6.873066740809008e-05
6.563428905792534e-05
6.6710876126308e-05
7.113732863217592e-05
7.708690100116655e-05
7.710169302299619e-05
6.965088687138632e-05
6.51961745461449e-05
6.765713624190539e-05
7.6399213867262e-05
8.205160702345893e-05
7.982068200362846e-05
7.333374378504232e-05
6.72563401167281e-05
6.456857227021828e-05
6.5011037804652e-05
6.890144140925258e-05
7.391350663965568e-05
7.682154682697728e-05
7.713254308328032e-05
7.39509632694535e-05
6.83224352542311e-05
6.548171222675592e-05
6.383507570717484e-05
6.40215293969959e-05
6.463706085924059e-05
6.797980313422158e-05
7.266485772561282e-05
7.95499436208047e-05
8.802649972494692e-05
9.366567974211648e-05
9.495465201325715e-05
9.201883221976459e-05
8.402401726925746e-05
7.378659938694909e-05
6.554014544235542e-05
6.301110988715664e-05
6.539329478982836e-05
7.075790199451149e-05
7.439647743012756e-05
7.304276368813589e-05
6.896379636600614e-05
6.378327816491947e-05
6.219423084985465e-05
6.405981548596174e-05
6.737733201589435e-05
7.068330160109326e-05
7.302825542865321e-05
7.221697887871414e-05
6.938672595424578e-05
6.619906343985349e-05
6.32592782494612e-05
6.162772479001433e-05
6.240128277568147e-05
6.508482329081744e-05
6.905350892338902e-05
7.136202475521713e-05
7.085210381774232e-05
6.729593587806448e-05
6.35229516774416e-05
6.20677528786473e-05
6.132183625595644e-05
6.28730485914275e-05
6.548959208885208e-05
6.946123176021501e-05
7.074163295328617e-05
7.205930160125718e-05
7.17599323252216e-05
6.944531196495518e-05
6.785345613025129e-05
6.795525405323133e-05
6.816465611336753e-05
7.075519533827901e-05
7.248543261084706e-05
7.722721056779847e-05
8.178207644959912e-05
9.037755080498755e-05
0.00010137841309187934
0.00011471884499769658
0.00012671120930463076
0.00013759966532234102
0.00013944799138698727
0.00013665547885466367
0.00012753685587085783
0.0001196131415781565
0.0001119395747082308
0.00010845086944755167
0.0001065817050402984
0.00010346288763685152
9.714107000036165e-05
8.791731670498848e-05
7.866291707614437e-05
7.005769293755293e-05
6.456072151195258e-05
6.068816583137959e-05
5.884630445507355e-05
6.122641934780404e-05
6.59423676552251e-05
7.134710176615044e-05
7.830777758499607e-05
8.446124411420897e-05
8.898818487068638e-05
9.20798847801052e-05
9.169537224806845e-05
8.944705768954009e-05
8.756436727708206e-05
8.501435513608158e-05
8.42949011712335e-05
8.183647150872275e-05
7.8891112934798e-05
7.532156450906768e-05
7.371667743427679e-05
7.272385118994862e-05
7.417800952680409e-05
7.756440027151257e-05
8.549592166673392e-05
9.61485638981685e-05
0.00011260491010034457
0.00013243089779280126
0.00015623295621480793
0.0001847060048021376
0.00022760347928851843
0.0002768722188193351
0.00035050150472670794
0.00043748956522904336
0.0005787239060737193
0.0007008782122284174
0.0008590244688093662
0.0008503112476319075
0.0007555557531304657
0.00046707986621186137
0.00019501349015627056
6.633390148635954e-05
0.00013901639613322914
0.00029358387109823525
0.0003524376661516726
0.0002776046167127788
0.00012824757141061127
6.516697612823918e-05
0.00011039525270462036
0.00016862069605849683
0.00016496540047228336
0.00010882713104365394
6.724696140736341e-05
6.961089820833877e-05
0.0001038155096466653
0.0001338129659416154
0.0001279094722121954
9.260612569050863e-05
6.327295704977587e-05
6.840313290013e-05
9.427080658497289e-05
0.00010812263644766062
9.640176722314209e-05
7.01915705576539e-05
5.963211879134178e-05
7.17986622476019e-05
8.610716031398624e-05
8.59601132106036e-05
7.446859672199935e-05
6.303338159341365e-05
5.926227095187642e-05
6.462720193667337e-05
7.021423516562209e-05
7.01147728250362e-05
6.551462138304487e-05
5.9717138356063515e-05
5.838858487550169e-05
6.495106208603829e-05
7.393630949081853e-05
8.46270049805753e-05
9.033807145897299e-05
8.967200119514018e-05
8.121424616547301e-05
7.283209561137483e-05
6.482534809038043e-05
5.968530604150146e-05
5.754250378231518e-05
5.737837636843324e-05
5.7638815633254126e-05
5.847551437909715e-05
5.8353205531602725e-05
5.774367673438974e-05
5.7021057727979496e-05
5.7431279856245965e-05
5.675506326952018e-05
5.6996705097844824e-05
5.679742753272876e-05
5.7076609664363787e-05
5.705734292860143e-05
5.644137127092108e-05
5.723904541810043e-05
5.6942066294141114e-05
5.724101356463507e-05
5.652680920320563e-05
5.694423452951014e-05
5.648009027936496e-05
5.650254388456233e-05
5.663578849635087e-05
5.6435950682498515e-05
5.637859430862591e-05
5.6588862207718194e-05
5.6235992815345526e-05
5.663663978339173e-05
5.667532605002634e-05
5.636560672428459e-05
5.605668411590159e-05
5.6977078202180564e-05
5.597800191026181e-05
5.5509884987259284e-05
5.623329707304947e-05
5.5727203289279714e-05
5.5790049373172224e-05
5.567998960032128e-05
5.593507376033813e-05
5.6418273743474856e-05
5.569946370087564e-05
5.609582149190828e-05
5.6094402680173516e-05
5.575760587817058e-05
5.5679218348814175e-05
5.553789378609508e-05
5.632706233882345e-05
5.683884955942631e-05
5.801185398013331e-05
6.068038419471122e-05
6.444997416110709e-05
7.052979344734922e-05
7.624825957464054e-05
8.075570076471195e-05
8.287120726890862e-05
8.337908366229385e-05
8.239736052928492e-05
7.837721932446584e-05
7.863125938456506e-05
8.262057235697284e-05
9.04370826901868e-05
0.00010316774569218978
0.00012653906014747918
0.00015790849283803254
0.0002149464125977829
0.00029450628790073097
0.00040974430157803
0.0005163919413462281
0.000641448947135359
0.0006796472589485347
0.0006849249475635588
0.0005353479646146297
0.0003460881707724184
0.00014941547124180943
6.0025122365914285e-05
0.0001117087304010056
0.00023155016242526472
0.0003096286964137107
0.0002627242065500468
0.00015733446343801916
7.021555211395025e-05
6.947590009076521e-05
0.0001291636290261522
0.0001780816091923043
0.0001697620318736881
0.00011054043716285378
6.242013478185982e-05
6.644477252848446e-05
0.00010808289516717196
0.00013829497038386762
0.00012429839989636093
8.604072354501113e-05
5.8839770645136014e-05
6.118421151768416e-05
8.328061812790111e-05
0.00010286708129569888
0.00010492169531062245
8.729120600037277e-05
6.702089740429074e-05
5.61298948014155e-05
5.81988351768814e-05
6.980721809668466e-05
8.239307499025017e-05
8.952063944889233e-05
8.797392365522683e-05
7.656343223061413e-05
6.193190347403288e-05
5.5090968089643866e-05
5.7738900068216026e-05
6.769421452190727e-05
8.278672612505034e-05
9.347319428343326e-05
9.473739919485524e-05
8.434928895439953e-05
6.973861309234053e-05
5.902194607187994e-05
5.4603966418653727e-05
5.4892214393476024e-05
5.592025627265684e-05
5.880828757653944e-05
6.0954116634093225e-05
6.215961911948398e-05
6.1399485275615e-05
5.921468618907966e-05
5.758537008659914e-05
5.436493665911257e-05
5.394839172367938e-05
5.482164124259725e-05
5.5612355936318636e-05
5.6377684813924134e-05
5.582562880590558e-05
5.538954064832069e-05
5.5317621445283294e-05
5.458270970848389e-05
5.421596142696217e-05
5.420567322289571e-05
5.335096284397878e-05
5.3435564041137695e-05
5.368557322071865e-05
5.440840686787851e-05
5.585593680734746e-05
5.7325352827319875e-05
5.907125523663126e-05
6.074304837966338e-05
6.250230217119679e-05
6.318249506875873e-05
6.14953605690971e-05
5.898944436921738e-05
5.662230250891298e-05
5.446342402137816e-05
5.329759369487874e-05
5.2905921620549634e-05
5.3007857786724344e-05
5.379016511142254e-05
5.3174564527580515e-05
5.288168540573679e-05
5.352469815989025e-05
5.347149271983653e-05
5.436247738543898e-05
5.424494520411827e-05
5.482862616190687e-05
5.532334034796804e-05
5.574785245698877e-05
5.559887722483836e-05
5.4733449360355735e-05
5.3924104577163234e-05
5.3192452469374985e-05
5.2172028517816216e-05
5.180896187084727e-05
5.225468339631334e-05
5.3026444220449775e-05
5.4058800742495805e-05
5.68388968531508e-05
6.223555828910321e-05
7.044084486551583e-05
8.151249494403601e-05
9.565577056491747e-05
0.00011341703066136688
0.00013448536628857255
0.00016515806782990694
0.00019589316798374057
0.00023765380319673568
0.00027380307437852025
0.0003120437322650105
0.0003208737471140921
0.00032532657496631145
0.0002970163186546415
0.0002623883483465761
0.00020732438133563846
0.00015399431867990643
9.946669160854071e-05
6.261053204070777e-05
5.315677844919264e-05
6.6209482611157e-05
8.775852620601654e-05
0.00010698316327761859
0.00011877036740770563
0.00012244524259585887
0.00012264223187230527
0.00011540892592165619
0.00010317441046936437
8.567856275476515e-05
7.05029015080072e-05
5.905307989451103e-05
5.402643728302792e-05
5.213399344938807e-05
5.27058364241384e-05
5.5638840422034264e-05
6.042084714863449e-05
6.715150084346533e-05
7.533490133937448e-05
8.609025098849088e-05
9.673651948105544e-05
0.00010979837679769844
0.00011896049545612186
0.00012526632053777575
0.00012549490202218294
0.0001237460528500378
0.00011902439291588962
0.00011526006710482761
0.00011129696213174611
0.0001093238897738047
0.00010455757728777826
0.00010197295341640711
9.831465285969898e-05
9.485687769483775e-05
9.17809156817384e-05
8.855378109728917e-05
8.192871609935537e-05
7.142540562199429e-05
6.018146450514905e-05
5.291253182804212e-05
5.111680002301e-05
5.386983320931904e-05
5.847855209140107e-05
6.216073961695656e-05
6.343423592625186e-05
6.212277367012575e-05
5.941846393398009e-05
5.84264489589259e-05
5.623232209472917e-05
5.430508826975711e-05
5.222778781899251e-05
5.1088325562886894e-05
5.084967051516287e-05
5.123290975461714e-05
5.1820476073771715e-05
5.151831283001229e-05
5.144202077644877e-05
5.1165738113923e-05
5.1491941121639684e-05
5.1467959565343335e-05
5.108168625156395e-05
5.20928660989739e-05
5.253408380667679e-05
5.488941678777337e-05
5.8585374063113704e-05
6.374416989274323e-05
7.265428575919941e-05
8.667866495670751e-05
0.00010763421596493572
0.00014296802692115307
0.00019839622837025672
0.0002847073192242533
0.0003965195792261511
0.0005795307224616408
0.0007489616400562227
0.0009496745769865811
0.0009652362787164748
0.0008969894843176007
0.0005825807456858456
0.000261603418039158
6.961741746636108e-05
0.00012430916831362993
0.00030733298626728356
0.00039196162833832204
0.00031685776775702834
0.00013906959793530405
6.066443893359974e-05
0.00013967815903015435
0.0002452934277243912
0.00024274968018289655
0.00013371712702792138
5.966623575659469e-05
8.886329305823892e-05
0.00015428582264576107
0.00016709647024981678
0.00011457877553766593
6.25071334070526e-05
5.8827310567721725e-05
9.612094436306506e-05
0.00012851065548602492
0.00012227798288222402
8.618361607659608e-05
6.00858693360351e-05
5.382589006330818e-05
5.9084220993099734e-05
7.155447383411229e-05
7.799811282893643e-05
8.038277883315459e-05
7.379220915026963e-05
6.133107672212645e-05
5.353844244382344e-05
5.181008964427747e-05
5.635956404148601e-05
6.156048766570166e-05
6.007553020026535e-05
5.469827738124877e-05
5.0247781473444775e-05
5.278486787574366e-05
5.6637956731719896e-05
6.069934897823259e-05
6.309097807388753e-05
5.9880545450141653e-05
5.557840268011205e-05
5.1418061048025265e-05
5.049616447649896e-05
5.277723175822757e-05
5.3983072575647384e-05
5.583143138210289e-05
5.4678585001965985e-05
5.328990664565936e-05
5.1859806262655184e-05
5.030332977185026e-05
5.030297324992716e-05
4.973355316906236e-05
5.0150360038969666e-05
5.0872982683358714e-05
5.105439413455315e-05
5.16063446411863e-05
5.083038195152767e-05
4.947191337123513e-05
4.938667552778497e-05
5.033184788771905e-05
5.143379530636594e-05
5.195639459998347e-05
5.295316077535972e-05
5.2987743401899934e-05
5.244748172117397e-05
5.248131128610112e-05
5.11096186528448e-05
5.0652572099352255e-05
5.030684405937791e-05
4.9295420467387885e-05
5.0489841669332236e-05
5.358918133424595e-05
5.6511555158067495e-05
6.250324804568663e-05
6.830027268733829e-05
7.459889457095414e-05
8.226703357649967e-05
8.44132955535315e-05
8.369669376406819e-05
7.602925325045362e-05
6.598804611712694e-05
5.614065594272688e-05
4.99544657941442e-05
4.8597255954518914e-05
4.963627361576073e-05
5.149592470843345e-05
5.4579599236603826e-05
5.904299541725777e-05
6.368363392539322e-05
6.972660776227713e-05
7.570399611722678e-05
8.072017226368189e-05
8.071902993833646e-05
7.823122723493725e-05
7.300263678189367e-05
6.793789361836389e-05
6.295200728345662e-05
6.017041232553311e-05
5.8605735830497e-05
5.696384687325917e-05
5.67811839573551e-05
5.5176093155751005e-05
5.4208034271141514e-05
5.292566493153572e-05
5.129273631609976e-05
4.976673153578304e-05
4.848671596846543e-05
4.7823446948314086e-05
4.8231166147161275e-05
4.877193350694142e-05
5.0377599109197035e-05
5.1165781769668683e-05
5.1857954531442374e-05
5.198685175855644e-05
5.2282619435573e-05
5.155206235940568e-05
5.104425872559659e-05
5.038718518335372e-05
4.9812118959380314e-05
4.9211823352379724e-05
5.0380614993628114e-05
5.276578667690046e-05
5.8690184232546017e-05
6.726068386342376e-05
8.055198122747242e-05
9.774112550076097e-05
0.00012081416207365692
0.0001517084165243432
0.00019707733008544892
0.00024050274805631489
0.0002885677677113563
0.0003132860583718866
0.0003353801730554551
0.0003195562749169767
0.00029424604144878685
0.00023809335834812373
0.00018464529421180487
0.0001289522333536297
8.612628153059632e-05
5.933005377301015e-05
4.909759809379466e-05
5.217245779931545e-05
6.253608444239944e-05
7.264539453899488e-05
7.685072341701016e-05
7.429157994920388e-05
6.747289444319904e-05
5.948793841525912e-05
5.182608947507106e-05
4.760788579005748e-05
4.856016312260181e-05
5.18554552400019e-05
5.5547494412167e-05
5.8323621487943456e-05
6.063906039344147e-05
6.250812293728814e-05
6.297194340731949e-05
6.064857370802201e-05
5.708940079784952e-05
5.3239811677485704e-05
5.013034024159424e-05
4.77994472021237e-05
4.740482472698204e-05
4.705475294031203e-05
4.724536120193079e-05
4.698693737736903e-05
4.729961801785976e-05
4.755499685415998e-05
4.74631306133233e-05
4.918553167954087e-05
5.0069826102117077e-05
5.2586052333936095e-05
5.6093129387591034e-05
6.503317854367197e-05
8.011430327314883e-05
0.00010588399163680151
0.00014110631309449673
0.0001872674038168043
0.00023946852888911963
0.0003130229015368968
0.00037837246782146394
0.00045534284436143935
0.00047793801059015095
0.0004932349547743797
0.00043058319715783
0.00034027372021228075
0.00020554964430630207
9.87481398624368e-05
5.177292041480541e-05
7.361314055742696e-05
0.0001359120215056464
0.0001786772336345166
0.00017357208707835525
0.00012449242058210075
7.447716780006886e-05
4.963534229318611e-05
5.983925439068116e-05
8.602983871242031e-05
0.00010877069144044071
0.00011525760783115402
0.00010473980364622548
8.35949758766219e-05
6.045302870916203e-05
4.894770245300606e-05
5.006505671190098e-05
5.809391586808488e-05
6.927154754521325e-05
7.202120468718931e-05
6.864039460197091e-05
6.338620005408302e-05
5.537078686757013e-05
4.988647924619727e-05
4.790277307620272e-05
4.6564367949031293e-05
4.8910955229075626e-05
5.2256815251894295e-05
5.4425203416030854e-05
5.562386286328547e-05
5.306463935994543e-05
4.972168608219363e-05
4.8193127440754324e-05
4.54920154879801e-05
4.6186967665562406e-05
4.8559038987150416e-05
5.1010607421630993e-05
5.4370699217543006e-05
5.983951996313408e-05
6.653232412645593e-05
7.279847341123968e-05
7.544901745859534e-05
7.355521665886045e-05
6.505350029328838e-05
5.627643258776516e-05
4.940433063893579e-05
4.614120916812681e-05
4.509955397224985e-05
4.683937004301697e-05
5.19803143106401e-05
6.050334923202172e-05
7.382611511275172e-05
8.717547461856157e-05
0.00010103479871759191
0.00011186703341081738
0.00011997926776530221
0.00011921882833121344
0.00011408512364141643
0.00010445973020978272
9.490326192462817e-05
8.48848867462948e-05
7.649836334167048e-05
6.927527283551171e-05
6.556655716849491e-05
6.404149462468922e-05
6.493800174212083e-05
6.510893581435084e-05
6.601371569558978e-05
6.616969039896503e-05
6.5487292886246e-05
6.431399378925562e-05
6.040322841727175e-05
5.437134677777067e-05
4.859428008785471e-05
4.5087788748787716e-05
4.511351289693266e-05
4.743934186990373e-05
5.201405656407587e-05
5.504033470060676e-05
5.6566968851257116e-05
5.428908480098471e-05
5.093660729471594e-05
4.817747321794741e-05
4.6219643991207704e-05
4.5341697841649875e-05
4.4851094571640715e-05
4.4167591113364324e-05
4.427996100275777e-05
4.444309161044657e-05
4.406943844514899e-05
4.4258693378651515e-05
4.393279232317582e-05
4.458662442630157e-05
4.4256215915083885e-05
4.474079833016731e-05
4.458237162907608e-05
4.5719381887465715e-05
4.76669920317363e-05
4.944594547851011e-05
5.168704592506401e-05
5.581186997005716e-05
5.876016803085804e-05
6.226691039046273e-05
6.367937749018893e-05
6.31738657830283e-05
6.25462707830593e-05
6.2462808273267e-05
6.361455598380417e-05
6.64050312479958e-05
7.313815876841545e-05
8.36036924738437e-05
9.712586324894801e-05
0.00011520874249981716
0.00013480361667461693
0.00016833250992931426
0.00021977047435939312
0.00031603738898411393
0.00044801842886954546
0.0006601884379051626
0.0008610565564595163
0.0011339281918480992
0.0011981255374848843
0.0011597041739150882
0.0007213269709609449
0.0002737509785220027
6.360762927215546e-05
0.00020856464107055217
0.0004579371598083526
0.0004539751389529556
0.00024420954287052155
7.162441761465743e-05
0.00012411497300490737
0.00027947124908678234
0.0002903139393310994
0.00015908315253909677
5.864565173396841e-05
9.668167331255972e-05
0.00018793396884575486
0.0001999728410737589
0.00012415136734489352
5.270826295600273e-05
7.219230610644445e-05
0.00013553064491134137
0.0001555776980239898
0.00011795965838246047
6.417669646907598e-05
4.779529990628362e-05
6.917968858033419e-05
9.628693806007504e-05
0.00010335173283237964
8.487557352054864e-05
5.916143345530145e-05
4.674826413975097e-05
5.5867702030809596e-05
7.608245505252853e-05
8.860534580890089e-05
8.450079621979967e-05
6.338299135677516e-05
4.658414036384784e-05
4.6004875912331045e-05
5.5764015996828675e-05
6.445715553127229e-05
5.997348125674762e-05
4.860408080276102e-05
4.422499114298262e-05
4.9764745199354365e-05
5.781074287369847e-05
6.007097181282006e-05
5.58078900212422e-05
4.934069875162095e-05
4.473008812055923e-05
4.370984970591962e-05
4.6686291170772165e-05
5.197498467168771e-05
5.7040047977352515e-05
5.9945665270788595e-05
5.987047916278243e-05
5.7322864449815825e-05
5.348095510271378e-05
5.003986370866187e-05
4.738345160149038e-05
4.6834535169182345e-05
4.644059663405642e-05
4.470467320061289e-05
4.455254747881554e-05
4.442193312570453e-05
4.3473464756971225e-05
4.337482096161693e-05
4.312183955335058e-05
4.357363286544569e-05
4.360490493127145e-05
4.3856289266841486e-05
4.3721429392462596e-05
4.310995063860901e-05
4.309309952077456e-05
4.2532101360848173e-05
4.289040225557983e-05
4.301833178033121e-05
4.2982424929505214e-05
4.3535284930840135e-05
4.302354500396177e-05
4.2830215534195304e-05
4.2805047996807843e-05
4.226775490678847e-05
4.288771015126258e-05
4.307742710807361e-05
4.312743112677708e-05
4.244196315994486e-05
4.2639338062144816e-05
4.301517765270546e-05
4.3703741539502516e-05
4.457119575818069e-05
4.4452157453633845e-05
4.374576383270323e-05
4.294270547688939e-05
4.258501940057613e-05
4.226643068250269e-05
4.204608922009356e-05
4.3019648728659377e-05
4.344336412032135e-05
4.32652814197354e-05
4.2567724449327216e-05
4.237395478412509e-05
4.274898674339056e-05
4.1914543544407934e-05
4.1457802581135184e-05
4.261943104211241e-05
4.3626263504847884e-05
4.498018097365275e-05
4.57485621154774e-05
4.689531124313362e-05
4.809728488908149e-05
4.966959386365488e-05
5.0915550673380494e-05
5.1682935009012e-05
5.176068953005597e-05
5.154597602086142e-05
5.0080034270649776e-05
4.972681563231163e-05
5.013923146179877e-05
5.1557450206018984e-05
5.692742342944257e-05
6.449395732488483e-05
7.216080120997503e-05
7.669442129554227e-05
7.75511798565276e-05
7.468353578587994e-05
7.074215682223439e-05
6.660974759142846e-05
6.148685497464612e-05
5.5731441534589976e-05
4.9981463234871626e-05
4.578023072099313e-05
4.263450318831019e-05
4.1359766328241676e-05
4.136870848014951e-05
4.2510258936090395e-05
4.389536115922965e-05
4.53287830168847e-05
4.614290810422972e-05
4.744000034406781e-05
4.726057522930205e-05
4.743823956232518e-05
4.678759796661325e-05
4.527324199443683e-05
4.4409502152120695e-05
4.35092078987509e-05
4.266596079105511e-05
4.240920679876581e-05
4.205483492114581e-05
4.322891982155852e-05
4.556047133519314e-05
4.7832490963628516e-05
5.163449532119557e-05
5.6817512813722715e-05
6.0269023379078135e-05
6.418667180696502e-05
6.52563467156142e-05
6.567847594851628e-05
6.55826588626951e-05
6.562675844179466e-05
6.520094757433981e-05
6.689548899885267e-05
6.95780327077955e-05
7.385994103970006e-05
8.178419375326484e-05
9.701729140942916e-05
0.00011916125367861241
0.00015206792159006
0.0001879230112535879
0.0002439531817799434
0.00031134748132899404
0.0004214070795569569
0.0005366188706830144
0.0006834394298493862
0.00071688462048769
0.0007097577326931059
0.0005423995899036527
0.0003387396864127368
0.00013817880244459957
5.372254963731393e-05
9.521158062852919e-05
0.00018705138063523918
0.00023068305745255202
0.00017792060680221766
9.700282680569217e-05
5.072962085250765e-05
6.138520257081836e-05
0.00010453495633555576
0.0001320430455962196
0.0001221661368617788
8.055508078541607e-05
4.803589035873301e-05
4.5820706873200834e-05
6.76208728691563e-05
9.391574712935835e-05
0.0001047629484673962
9.892863454297185e-05
8.012072794372216e-05
6.014870450599119e-05
4.5581695303553715e-05
4.25596626882907e-05
4.910374991595745e-05
5.715545194107108e-05
6.704382394673303e-05
7.141595415305346e-05
6.71439993311651e-05
5.5040731240296736e-05
4.40075273218099e-05
4.1510240407660604e-05
4.766112033394165e-05
6.289969314821064e-05
8.326851821038872e-05
0.00010071557335322723
0.00010308625496691093
8.994057134259492e-05
6.473665416706353e-05
4.537301720120013e-05
4.227823228575289e-05
5.2016519475728273e-05
6.812003266531974e-05
8.065587462624535e-05
8.585509203840047e-05
8.170693035935983e-05
7.358613220276311e-05
6.19028287474066e-05
5.09089877596125e-05
4.3123076466144994e-05
4.100811929674819e-05
4.221417839289643e-05
4.5333556045079604e-05
4.976080163032748e-05
5.108243931317702e-05
5.146348848938942e-05
5.036802394897677e-05
4.831555634154938e-05
4.710150824394077e-05
4.617610102286562e-05
4.3443906179163605e-05
4.143914702581242e-05
4.074466778547503e-05
4.042877480969764e-05
4.387243461678736e-05
5.0010610721074045e-05
5.7135202951030806e-05
6.30662907497026e-05
6.617955659748986e-05
6.356543599395081e-05
6.083057087380439e-05
5.768524715676904e-05
5.256245276541449e-05
4.813372652279213e-05
4.5424545533023775e-05
4.27653212682344e-05
4.02165787818376e-05
4.0288483432959765e-05
4.33615678048227e-05
4.3081032345071435e-05
4.374062700662762e-05
4.5570399379357696e-05
4.762178650707938e-05
4.7694280510768294e-05
4.6229000872699544e-05
4.4329517550067976e-05
4.28644816565793e-05
4.128293949179351e-05
3.966482836403884e-05
4.027692921226844e-05
4.243935472914018e-05
4.256128886481747e-05
4.501522198552266e-05
5.178965875529684e-05
6.100329483160749e-05
7.705341704422608e-05
0.00010519401985220611
0.00014274228306021541
0.00019033459830097854
0.00023898057406768203
0.00030867141322232783
0.0003694051702041179
0.00044754313421435654
0.0004852109123021364
0.0005206398782320321
0.00046702128020115197
0.000367133819963783
0.00020760571351274848
8.384004468098283e-05
4.568357690004632e-05
8.932221680879593e-05
0.00016272417269647121
0.00020115808001719415
0.0001881673961179331
0.00012787706509698182
6.872537778690457e-05
4.383188934298232e-05
5.753450750489719e-05
0.00010015356383519247
0.00013601408863905817
0.0001451494754292071
0.00012247945414856076
8.77596830832772e-05
5.406311902333982e-05
4.178821836831048e-05
4.896461177850142e-05
6.183606456033885e-05
7.760569133097306e-05
8.668469672556967e-05
8.066936425166205e-05
6.527196092065424e-05
5.505911758518778e-05
4.557245847536251e-05
4.0914448618423194e-05
4.53065185865853e-05
5.4092412028694525e-05
6.116359145380557e-05
6.843843584647402e-05
7.653173088328913e-05
7.526164699811488e-05
6.92662360961549e-05
6.430372013710439e-05
5.81098829570692e-05
5.200401210458949e-05
4.819728201255202e-05
4.3444717448437586e-05
3.991275661974214e-05
4.0428683860227466e-05
4.203175558359362e-05
4.5075757952872664e-05
5.015251736040227e-05
5.6345936172874644e-05
6.183188816066831e-05
6.659018254140392e-05
7.088985876180232e-05
7.4521973147057e-05
7.68637255532667e-05
7.611184264533222e-05
6.959800521144643e-05
6.232680607354268e-05
5.482850247062743e-05
4.9343980208504945e-05
4.5316268369788304e-05
4.297885243431665e-05
4.054848977830261e-05
3.938137160730548e-05
4.051973519381136e-05
4.4770848035113886e-05
4.9724916607374325e-05
5.5195407185237855e-05
6.128712266217917e-05
6.603592919418588e-05
6.748516170773655e-05
6.772761844331399e-05
6.592534191440791e-05
6.307515286607668e-05
5.864387276233174e-05
5.4866770369699225e-05
5.0394235586281866e-05
4.616955993697047e-05
4.315438854973763e-05
4.114892362849787e-05
3.989248943980783e-05
3.892304812325165e-05
3.886161357513629e-05
3.8792131817899644e-05
3.920036033377983e-05
3.880573785863817e-05
3.915184788638726e-05
3.8844456867082044e-05
3.8676036638207734e-05
3.9170452510006726e-05
3.903785545844585e-05
3.899652074323967e-05
3.9321974327322096e-05
3.9477748941862956e-05
3.9741589716868475e-05
3.9217462472151965e-05
3.911620660801418e-05
3.872592787956819e-05
3.8361395127139986e-05
3.850193024845794e-05
3.86074316338636e-05
3.906064375769347e-05
4.005578739452176e-05
3.935662971343845e-05
3.873575769830495e-05
3.899445437127724e-05
3.900247611454688e-05
3.857266347040422e-05
3.849110726150684e-05
3.845168248517439e-05
3.887483762810007e-05
4.055129465996288e-05
4.4239841372473165e-05
5.113786755828187e-05
6.93426700308919e-05
9.931313252309337e-05
0.00014787861437071115
0.00021906210167799145
0.0003426301118452102
0.0005186394555494189
0.0008227966609410942
0.0011754416627809405
0.0016778598073869944
0.001823344617150724
0.0017495218198746443
0.0009492066456004977
0.00022661425464320928
0.00015329103916883469
0.0006055590347386897
0.0007979325018823147
0.00037355348467826843
8.749309199629351e-05
0.0003113835700787604
0.0005274642608128488
0.0003505223721731454
8.523497672285885e-05
0.00017096732335630804
0.0003846414329018444
0.0003226925036869943
0.00011570935021154583
6.746139843016863e-05
0.00020897245849482715
0.0002915441582445055
0.00018582654593046755
6.290443707257509e-05
7.521673978772014e-05
0.00016425098874606192
0.00019358363351784647
0.00012158601748524234
5.373481326387264e-05
5.884989150217734e-05
0.00010329845099477097
0.00012068624346284196
8.557929686503485e-05
4.881235508946702e-05
4.970943700755015e-05
7.74981381255202e-05
8.733732101973146e-05
6.529911479447037e-05
4.447017272468656e-05
4.784134216606617e-05
6.2717663240619e-05
6.264221156015992e-05
4.915550016448833e-05
4.2396324715809897e-05
4.960879232385196e-05
5.6956676417030394e-05
5.3357860451797023e-05
4.3901785829802975e-05
4.186381556792185e-05
4.737529161502607e-05
5.109044650453143e-05
4.851524863624945e-05
4.359585727797821e-05
4.3195439502596855e-05
4.385202191770077e-05
4.489829734666273e-05
4.4140080717625096e-05
4.388566958368756e-05
4.1467294067842886e-05
4.0903440094552934e-05
4.2019517422886565e-05
4.4563013943843544e-05
4.416341471369378e-05
4.195711517240852e-05
4.0809209167491645e-05
4.1616538510425016e-05
4.4060037907911465e-05
4.5786455302732065e-05
4.55402878287714e-05
4.314157922635786e-05
4.004520451417193e-05
3.9934668166097254e-05
4.171560794929974e-05
4.413725037011318e-05
4.4937707571079955e-05
4.363869084045291e-05
4.108987559447996e-05
3.944546915590763e-05
3.9270285924430937e-05
4.0214941691374406e-05
4.113846443942748e-05
4.031243588542566e-05
3.921683310181834e-05
3.921841926057823e-05
3.936857319786213e-05
3.943101910408586e-05
4.029528645332903e-05
4.101900412933901e-05
4.085510954610072e-05
4.059356069774367e-05
3.985824514529668e-05
3.934373307856731e-05
3.920404560631141e-05
3.961178663303144e-05
4.0301016269950196e-05
4.033296863781288e-05
4.025951056974009e-05
3.9204238419188187e-05
3.886347622028552e-05
3.890482184942812e-05
3.978129825554788e-05
4.0867489587981254e-05
4.09092717745807e-05
4.0859231376089156e-05
4.0016537241172045e-05
3.9406535506714135e-05
3.9010348700685427e-05
3.874928006553091e-05
3.860687866108492e-05
3.943508636439219e-05
4.0075603465083987e-05
3.940457463613711e-05
3.85862476832699e-05
3.9018017560010776e-05
3.928942169295624e-05
3.9661470509599894e-05
3.974023638875224e-05
4.004175934824161e-05
3.924909105990082e-05
4.026867463835515e-05
3.8610338378930464e-05
3.8950671296333894e-05
4.029006595374085e-05
4.097764031030238e-05
4.1550465539330617e-05
4.239151894580573e-05
4.230393096804619e-05
4.2713403672678396e-05
4.445903323357925e-05
4.590312164509669e-05
4.891669232165441e-05
5.141287692822516e-05
5.306877210387029e-05
5.1101556891808286e-05
4.781200550496578e-05
4.453883593669161e-05
4.1262672311859205e-05
3.876242772093974e-05
3.778073005378246e-05
3.8762060285080224e-05
4.0503862692276016e-05
4.076526238350198e-05
4.011691635241732e-05
3.915374691132456e-05
3.842395744868554e-05
3.8194299122551456e-05
3.81569261662662e-05
3.867169652949087e-05
3.900431693182327e-05
3.990928962593898e-05
3.9276779716601595e-05
3.881018710671924e-05
3.8634516386082396e-05
3.815222589764744e-05
3.8108162698335946e-05
3.774253491428681e-05
3.884216130245477e-05
3.907054997398518e-05
3.973230559495278e-05
4.072390220244415e-05
4.1278370190411806e-05
4.2971576476702467e-05
4.418878233991563e-05
4.37791422882583e-05
4.220148184685968e-05
4.066196925123222e-05
3.9847342122811824e-05
3.943189949495718e-05
3.858167474390939e-05
3.79064331355039e-05
3.78229669877328e-05
3.887127968482673e-05
3.9426377043128014e-05
3.886916601913981e-05
3.7971251003909856e-05
3.7242891266942024e-05
3.8301339372992516e-05
3.991098128608428e-05
4.147644722252153e-05
4.122195241507143e-05
3.8751990359742194e-05
3.825295061687939e-05
4.027340037282556e-05
4.085539694642648e-05
3.786693559959531e-05
3.7497586163226515e-05
4.027455725008622e-05
3.965763244195841e-05
3.7562207580776885e-05
3.842644582618959e-05
3.919137452612631e-05
3.8568847230635583e-05
3.841815487248823e-05
3.9914324588608e-05
4.148460357100703e-05
4.331441959948279e-05
4.652162533602677e-05
5.197823702474125e-05
5.8556150179356337e-05
6.698463403154165e-05
7.968684803927317e-05
9.761064575286582e-05
0.00012298542424105108
0.0001558498915983364
0.00020648738427553326
0.0002708669053390622
0.0003617365437094122
0.00044803382479585707
0.000559662061277777
0.0006211372092366219
0.0006757347728125751
0.0006114939460530877
0.00048328033881261945
0.00028056802693754435
0.0001134868580265902
4.704062666860409e-05
9.147376113105565e-05
0.00018537354480940849
0.00024135808052960783
0.0002190972154494375
0.00013728551857639104
6.598565960302949e-05
4.2613333789631724e-05
6.560448673553765e-05
0.0001073497041943483
0.0001294712274102494
0.00012237022747285664
9.214915189659223e-05
6.270551239140332e-05
4.308974894229323e-05
4.253323277225718e-05
6.110144749982283e-05
8.031533070607111e-05
8.859433728503063e-05
8.344175148522481e-05
6.885590846650302e-05
5.2335282816784456e-05
4.387242370285094e-05
4.3153359001735225e-05
4.6499881136696786e-05
5.1749648264376447e-05
5.549448906094767e-05
5.720996705349535e-05
5.601814336841926e-05
5.1957151299575344e-05
4.4824664655607194e-05
3.9425860450137407e-05
3.860115975840017e-05
4.308248753659427e-05
4.7114925109781325e-05
4.939436985296197e-05
4.9680373194860294e-05
4.8621874157106504e-05
4.502424781094305e-05
4.13942507293541e-05
3.835992902168073e-05
3.799042315222323e-05
3.938540248782374e-05
4.101005833945237e-05
4.191798871033825e-05
4.168040686636232e-05
4.045723835588433e-05
3.885637124767527e-05
3.758753518923186e-05
3.726957947947085e-05
3.77447868231684e-05
3.850069333566353e-05
3.977331653004512e-05
4.0797276597004384e-05
4.2664683860493824e-05
4.3126463424414396e-05
4.4005835661664605e-05
4.51780142611824e-05
4.719939170172438e-05
5.084274016553536e-05
5.5809086916269735e-05
6.085867062211037e-05
6.540681351907551e-05
6.914745608810335e-05
6.923626642674208e-05
6.727698200847954e-05
6.498069706140086e-05
6.283202674239874e-05
6.348113674903288e-05
6.497773574665189e-05
6.753037450835109e-05
6.85780614730902e-05
6.962268525967374e-05
7.116945926100016e-05
7.113827450666577e-05
6.76492927595973e-05
6.170025881147012e-05
5.9464320656843483e-05
6.143528298707679e-05
6.558220775332302e-05
7.408604869851843e-05
8.6213432950899e-05
0.0001008487306535244
0.00011386159167159349
0.00012818959658034146
0.00014054279017727822
0.00015848586917854846
0.00017052887415047735
0.0001827194937504828
0.00018604555225465447
0.00018836520030163229
0.00017575269157532603
0.00015879397687967867
0.00013368371583055705
0.0001090456498786807
8.14269733382389e-05
6.029753785696812e-05
4.6037748688831925e-05
4.075195101904683e-05
3.990938057540916e-05
3.994170401711017e-05
4.11953151342459e-05
4.210687620798126e-05
4.3487310904311016e-05
4.4179047108627856e-05
4.5185322960605845e-05
4.820973117602989e-05
5.2921906899427995e-05
6.033110912539996e-05
7.56157241994515e-05
9.798925020731986e-05
0.00012977341248188168
0.00016533570305909961
0.00021143295452930033
0.0002539549022912979
0.0003116692241746932
0.0003573262947611511
0.0004082411469426006
0.00041314878035336733
0.0003934059350285679
0.0003067500947508961
0.00021012841898482293
0.00011093140346929431
5.05342977703549e-05
5.058242459199391e-05
9.887993655866012e-05
0.0001594412315171212
0.0001915557950269431
0.00018003456352744251
0.00012781830446328968
7.282702426891774e-05
4.146169885643758e-05
4.581425309879705e-05
7.500335050281137e-05
0.0001078207278624177
0.0001293124514631927
0.00012330507161095738
9.717934153741226e-05
6.74350158078596e-05
4.633251592167653e-05
4.127206921111792e-05
5.0892795115942135e-05
7.051067223073915e-05
8.585668547311798e-05
8.900983084458858e-05
7.997281500138342e-05
6.810984632465988e-05
5.505075023393147e-05
4.430465560290031e-05
3.757081140065566e-05
4.386187356431037e-05
5.882549885427579e-05
7.28908198652789e-05
8.131618960760534e-05
8.242492185672745e-05
7.707712211413309e-05
6.28668931312859e-05
4.725739927380346e-05
3.837917392957024e-05
3.879478754242882e-05
4.582507972372696e-05
5.277369200484827e-05
5.684226562152617e-05
5.4808166169095784e-05
5.0412585551384836e-05
4.3632993765641004e-05
3.8854912418173626e-05
3.738870509550907e-05
3.843938611680642e-05
4.089503636350855e-05
4.420417099026963e-05
4.851072662859224e-05
5.262870399747044e-05
5.575075920205563e-05
5.501109262695536e-05
5.1786977564916015e-05
4.807367440662347e-05
4.396310760057531e-05
4.1037787013920024e-05
3.938140071113594e-05
3.806065069511533e-05
3.762460983125493e-05
3.752491466002539e-05
3.739951353054494e-05
3.65280284313485e-05
3.709614247782156e-05
3.788650064961985e-05
3.994060534751043e-05
4.334714321885258e-05
4.621573316399008e-05
5.15231404278893e-05
5.764833986177109e-05
6.810981722082943e-05
7.898159674368799e-05
9.272080205846578e-05
0.0001079439462046139
0.00012568087549880147
0.0001462588261347264
0.0001741352170938626
0.00020278117153793573
0.000242157606408
0.0002767852274700999
0.00031723262509331107
0.00033138925209641457
0.0003305072896182537
0.00029362112400121987
0.0002421076933387667
0.00017088380991481245
0.000103096041129902
5.3712850785814226e-05
3.975616709794849e-05
5.70495831198059e-05
8.871180762071162e-05
0.00011848873691633344
0.0001300879375776276
0.00012398874969221652
9.893865353660658e-05
7.14177149347961e-05
4.8517274990445e-05
3.7994017475284636e-05
3.9519156416645274e-05
4.8037803935585544e-05
5.854295886820182e-05
6.496262358268723e-05
6.715032941428944e-05
6.345167639665306e-05
5.8531782997306436e-05
5.415168925537728e-05
5.033949491917156e-05
4.6877426939317957e-05
4.303573950892314e-05
3.9836308133089915e-05
3.7610028812196106e-05
3.6853136407444254e-05
3.779145117732696e-05
4.048761911690235e-05
4.23332276113797e-05
4.1993062041001394e-05
4.012960926047526e-05
4.046243702759966e-05
4.415221337694675e-05
4.906313552055508e-05
5.423134643933736e-05
5.7880177337210625e-05
5.589462671196088e-05
5.343350494513288e-05
5.339492781786248e-05
5.366509503801353e-05
5.455975406221114e-05
5.491812771651894e-05
5.499461985891685e-05
5.570913344854489e-05
5.794670869363472e-05
6.253603351069614e-05
6.858682900201529e-05
7.375275890808553e-05
7.262615690706298e-05
6.869940261822194e-05
6.320983084151521e-05
6.240425136638805e-05
6.627319089602679e-05
7.440525223501027e-05
8.171586523531005e-05
8.495873044012114e-05
8.45399554236792e-05
8.820657239994034e-05
9.750731260282919e-05
0.00011532219650689512
0.0001407337113050744
0.00017743925855029374
0.00021839870896656066
0.00025975305470637977
0.0002902837295550853
0.0003125248185824603
0.0003211506991647184
0.00034117366885766387
0.00032773741986602545
0.0002927534806076437
0.00020742400374729186
0.0001269107306143269
6.826219760114327e-05
4.256970714777708e-05
5.3234696679282933e-05
9.142288763541728e-05
0.00013900578778702766
0.00017036052304320037
0.00017638657300267369
0.00014894582272972912
0.00010913797450484708
7.07823783159256e-05
4.6094228309812024e-05
3.836043833871372e-05
4.4889686250826344e-05
5.956249879091047e-05
7.857748278183863e-05
9.599875193089247e-05
0.00010549615399213508
0.00010734532406786457
9.907051571644843e-05
8.519841503584757e-05
6.754086643923074e-05
5.144796523381956e-05
4.0286467992700636e-05
3.70976013073232e-05
4.2545096221147105e-05
4.931641888106242e-05
5.255584619590081e-05
5.050351319368929e-05
4.622593769454397e-05
4.1335537389386445e-05
3.931770334020257e-05
4.1274783143308014e-05
4.619325773091987e-05
5.2293991757323965e-05
5.8406931202625856e-05
6.487513019237667e-05
7.15801288606599e-05
7.856450247345492e-05
8.351285941898823e-05
8.477719529764727e-05
8.141206490108743e-05
7.606569852214307e-05
6.803357973694801e-05
5.813487950945273e-05
4.890475611318834e-05
4.280230132280849e-05
3.979108078056015e-05
3.776055746129714e-05
3.6750672734342515e-05
3.876450500683859e-05
4.409133180161007e-05
5.332805449143052e-05
6.536614819196984e-05
7.898846524767578e-05
9.766554285306484e-05
0.00012214270827826113
0.00015992111002560705
0.0002014563069678843
0.00025266845477744937
0.00029533912311308086
0.0003367805329617113
0.00034651131136342883
0.0003441349253989756
0.0002903462154790759
0.0002243709604954347
0.00014056537474971265
7.43927521398291e-05
4.1992108890553936e-05
5.200133819016628e-05
8.914333011489362e-05
0.00012066794442944229
0.0001347370707662776
0.0001274520909646526
0.0001073921739589423
8.00357956904918e-05
5.6323518947465345e-05
4.207152596791275e-05
3.84709783247672e-05
4.25314465246629e-05
4.973241811967455e-05
5.7471446780255064e-05
6.340346590150148e-05
6.718123040627688e-05
6.803364522056654e-05
6.728745938744396e-05
6.465123442467302e-05
6.428660708479583e-05
6.0728027165168896e-05
5.5229280405910686e-05
4.891376011073589e-05
4.25459147663787e-05
3.7608777347486466e-05
3.7519828765653074e-05
3.9264858060050756e-05
4.0187962440541014e-05
3.876583286910318e-05
3.7413024983834475e-05
3.674666731967591e-05
3.844837556243874e-05
4.229442492942326e-05
4.831364276469685e-05
5.358471389627084e-05
5.7607558119343594e-05
5.73356264794711e-05
5.622006210614927e-05
5.579939897870645e-05
6.0459547967184335e-05
6.79454897181131e-05
7.439623004756868e-05
7.836439181119204e-05
8.155227260431275e-05
8.59472929732874e-05
9.208309347741306e-05
9.573110583005473e-05
9.721145761432126e-05
9.676713671069592e-05
9.63471393333748e-05
9.127442172029987e-05
8.496478403685614e-05
7.461383211193606e-05
6.436622788896784e-05
5.6629327445989475e-05
5.305398008204065e-05
5.056291411165148e-05
4.9328355089528486e-05
4.891951539320871e-05
4.7241152060450986e-05
4.481555879465304e-05
4.1579427488613874e-05
3.977983578806743e-05
3.9883379940874875e-05
4.3558349716477096e-05
4.914945748168975e-05
5.261450860416517e-05
5.192096796236001e-05
4.892039214610122e-05
4.67639765702188e-05
4.5890628825873137e-05
4.6752800699323416e-05
5.095565938972868e-05
5.752269862568937e-05
6.414379458874464e-05
6.922573084011674e-05
7.330025982810184e-05
7.805686618667096e-05
8.49790740176104e-05
9.406691242475063e-05
0.00010534292960073799
0.0001192942654597573
0.00013355689588934183
0.00014851376181468368
0.00016114798199851066
0.00017573444347362965
0.00019198730296920985
0.00021714232570957392
0.00024390898761339486
0.000286402297206223
0.0003252890601288527
0.00037794013042002916
0.00039387328433804214
0.00040655277553014457
0.00036524442839436233
0.00030538265127688646
0.00020912382751703262
0.00011752067803172395
5.608268111245707e-05
4.187123340670951e-05
7.18059454811737e-05
0.00011893054761458188
0.00015027303015813231
0.00014699093298986554
0.00011793089652201161
8.205937774619088e-05
5.6168759329011664e-05
4.491974686970934e-05
4.336865822551772e-05
5.1673821872100234e-05
6.537472654599696e-05
7.633863424416631e-05
8.010496094357222e-05
7.591184112243354e-05
6.585482333321124e-05
5.545575913856737e-05
4.849836477660574e-05
4.334551704232581e-05
4.091972004971467e-05
4.1160172258969396e-05
4.4858927140012383e-05
4.992790854885243e-05
5.363248783396557e-05
5.615412010229193e-05
5.7791050494415686e-05
6.007235060678795e-05
6.655223114648834e-05
7.521863153669983e-05
8.694765710970387e-05
9.270618465961888e-05
9.509492520010099e-05
9.03708059922792e-05
8.312275167554617e-05
7.380304305115715e-05
6.508463411591947e-05
5.505441367859021e-05
4.636055018636398e-05
4.0260274545289576e-05
3.729683521669358e-05
3.8276608393061906e-05
3.904374170815572e-05
3.976527659688145e-05
3.9271264540730044e-05
3.787623791140504e-05
3.687090065795928e-05
3.615962850744836e-05
3.6231736885383725e-05
3.590064443415031e-05
3.668497811304405e-05
3.691027814056724e-05
3.7515736039495096e-05
3.779713733820245e-05
3.965984797105193e-05
4.015807280666195e-05
4.024250665679574e-05
3.9432667108485475e-05
3.9960686990525573e-05
4.0024355257628486e-05
3.976862717536278e-05
3.9029677282087505e-05
3.863602614728734e-05
3.7936453736620024e-05
3.7267171137500554e-05
3.6451208870857954e-05
3.6333047319203615e-05
3.600281706894748e-05
3.552074485924095e-05
3.602634751587175e-05
3.626848047133535e-05
3.713449041242711e-05
3.8012658478692174e-05
3.9851442124927416e-05
4.2827148718060926e-05
4.524015457718633e-05
4.835622894461267e-05
4.985936175216921e-05
5.10436984768603e-05
5.184219480725005e-05
5.27283082192298e-05
5.4704090871382505e-05
6.430362554965541e-05
8.217287540901452e-05
0.00010774983820738271
0.00013825793575961143
0.00018577626906335354
0.000249189994065091
0.00035688147181645036
0.0004853105347137898
0.0006995267467573285
0.0009273302857764065
0.0012234356254339218
0.0013580595841631293
0.0012784558348357677
0.0008890004828572273
0.00036063106381334364
0.00010397744335932657
0.0002792652521748096
0.0005581050063483417
0.0004975794581696391
0.00019218918168917298
6.110341200837865e-05
0.00020959734683856368
0.0003398437984287739
0.00024072213273029774
7.005446968832985e-05
7.302712765522301e-05
0.00019384828920010477
0.00022040033945813775
0.00012678036000579596
7.412752165691927e-05
0.00011319253098918125
0.0001387550146318972
9.522829350316897e-05
6.370195478666574e-05
9.981665061786771e-05
0.00014079816173762083
0.000121735327411443
6.594044680241495e-05
4.686501779360697e-05
6.553800631081685e-05
7.865958468755707e-05
6.486599886557087e-05
5.346286707208492e-05
5.982563379802741e-05
6.305552960839123e-05
5.29033386555966e-05
4.094008545507677e-05
4.545920455711894e-05
5.696654989151284e-05
5.649844752042554e-05
4.7845940571278334e-05
4.254829036653973e-05
4.5295913878362626e-05
4.944315514876507e-05
4.725410690298304e-05
4.148848165641539e-05
3.867651321343146e-05
4.205870209261775e-05
4.92288418172393e-05
5.363497984944843e-05
5.1513856305973604e-05
4.767844802699983e-05
4.6032972022658214e-05
4.67947029392235e-05
4.586126306094229e-05
4.202093987260014e-05
3.915055640391074e-05
4.049839117215015e-05
4.3884399929083884e-05
4.862272544414736e-05
4.9380905693396926e-05
4.6549204853363335e-05
4.198918031761423e-05
3.748520612134598e-05
3.666180418804288e-05
3.8437487091869116e-05
4.0525843360228464e-05
4.1566418076399714e-05
4.0274160710396245e-05
3.954092608182691e-05
3.9832531911088154e-05
4.2023584683192894e-05
4.6656819904455915e-05
4.839105895371176e-05
4.5949262130307034e-05
4.07609659305308e-05
3.701324385474436e-05
3.621200448833406e-05
3.668891076813452e-05
3.7237623473629355e-05
4.014367732452229e-05
4.3670170271070674e-05
4.8129146307474e-05
5.277838135953061e-05
5.611183223663829e-05
5.632630200125277e-05
5.3365314670372754e-05
4.8996706027537584e-05
4.4533677282743156e-05
4.137127325520851e-05
4.099664874956943e-05
4.473765875445679e-05
5.124005474499427e-05
5.6559878430562094e-05
5.9733923990279436e-05
6.3190127548296e-05
7.206156442407519e-05
8.585131581639871e-05
0.00010301398287992924
0.00011453306797193363
0.00011747742246370763
0.00010123395622940734
7.822247425792739e-05
5.432637772173621e-05
3.903568358509801e-05
3.7653211620636284e-05
4.712472218670882e-05
5.8404304581927136e-05
6.629748531850055e-05
6.85635968693532e-05
6.331961776595563e-05
5.548231638385914e-05
4.695571260526776e-05
4.0148021071217954e-05
3.656012631836347e-05
3.515859134495258e-05
3.577056486392394e-05
3.619923154474236e-05
3.7161880754865706e-05
3.75662675651256e-05
3.741912587429397e-05
3.661162918433547e-05
3.5920536902267486e-05
3.58891993528232e-05
3.6784022086067125e-05
3.801324055530131e-05
3.851966903312132e-05
3.84036720788572e-05
3.823184670181945e-05
3.7872567190788686e-05
3.8041842344682664e-05
4.133198308409192e-05
4.653201176552102e-05
5.351351501303725e-05
5.960230191703886e-05
6.427274638554081e-05
6.57093187328428e-05
6.649304123129696e-05
6.75699848216027e-05
6.942657637409866e-05
6.83042235323228e-05
6.472163659054786e-05
6.0874896007589996e-05
5.9185378631809726e-05
5.855379640706815e-05
5.796217010356486e-05
6.004947499604896e-05
6.605968519579619e-05
7.462531357305124e-05
8.603488095104694e-05
9.718821092974395e-05
0.00011075314978370443
0.00012138571764808148
0.00013350931112654507
0.0001386167132295668
0.0001424114452674985
0.00013644636783283204
0.00012985343346372247
0.00011724829528247938
0.00010455037408974022
9.06321220099926e-05
8.115314994938672e-05
7.414831634378061e-05
7.070551509968936e-05
6.721311365254223e-05
6.406281318049878e-05
5.857229552930221e-05
5.247037188382819e-05
4.5641689212061465e-05
3.9464903238695115e-05
3.781002669711597e-05
3.92460533475969e-05
4.066592737217434e-05
3.9928574551595375e-05
3.892822132911533e-05
3.709553129738197e-05
3.676671258290298e-05
3.752931297640316e-05
3.984587237937376e-05
4.362338222563267e-05
4.8616704589221627e-05
5.1934821385657415e-05
5.1247712690383196e-05
4.66763049189467e-05
4.1978990338975564e-05
4.008108953712508e-05
4.05190403398592e-05
4.204305150778964e-05
4.244673255016096e-05
4.2142819438595325e-05
4.250694837537594e-05
4.297609120840207e-05
4.635371078620665e-05
5.245861757430248e-05
6.210066931089386e-05
7.65945078455843e-05
9.681882511358708e-05
0.0001174991120933555
0.00014559319242835045
0.00017867310089059174
0.00022354096290655434
0.00025784390163607895
0.0003023830067832023
0.00033057990367524326
0.0003688299038913101
0.00035585995647124946
0.0003256284398958087
0.00024103786563500762
0.00015410732885356992
8.043718844419345e-05
4.5117587433196604e-05
4.463571895030327e-05
6.548134842887521e-05
9.187019168166444e-05
0.00010945735994027928
0.00011416543566156179
0.00010617270163493231
9.071802196558565e-05
6.938239675946534e-05
5.105641685076989e-05
4.238517794874497e-05
4.414238719618879e-05
5.465759750222787e-05
6.558834138559178e-05
7.250952330650762e-05
7.343180186580867e-05
7.148956501623616e-05
6.668222340522334e-05
6.038407445885241e-05
5.385332406149246e-05
5.3668496548198164e-05
6.500109157059342e-05
8.510104089509696e-05
0.00011070370965171605
0.00013255086378194392
0.00014545605517923832
0.00013984370161779225
0.00012258502829354256
9.207819675793871e-05
6.0446636780397967e-05
3.913458567694761e-05
3.631415529525839e-05
5.23600319866091e-05
8.064657595241442e-05
0.0001037830879795365
0.00010973950702464208
9.82692654361017e-05
7.293327507795766e-05
5.216516728978604e-05
4.282006557332352e-05
4.662178616854362e-05
6.551791011588648e-05
8.850273297866806e-05
9.880341531243175e-05
8.981334394775331e-05
7.042920333333313e-05
5.395396874519065e-05
4.563773836707696e-05
4.546187847154215e-05
4.975402043783106e-05
5.567771950154565e-05
6.058809594833292e-05
6.274462066357955e-05
6.221165676834062e-05
5.7552453654352576e-05
5.289239197736606e-05
4.6444729377981275e-05
4.0588700358057395e-05
3.619805647758767e-05
3.3041189453797415e-05
3.402112633921206e-05
