0.011847349582239985
0.022288414903662422
0.0335489683361216
0.0441283756359057
0.05596928823400627
0.06740110723132436
0.07966840673576701
0.09126038138162006
0.10339045456864616
0.11451343379237434
0.12600558759136635
0.13608970696275885
0.1465570946986025
0.15538973835381595
0.16515213318846442
0.1733710616827011
0.1833065145395019
0.19156908718022433
0.20172606679526242
0.20996153083714572
0.21997247636318207
0.22827613353729248
0.23832029510628094
0.24719316173683514
0.25777925144542346
0.26765853640708054
0.27905258671803906
0.2894468226216056
0.3007609370079907
0.3098637935790149
