0.8643319606781006
0.7479181885719299
0.5494012236595154
0.3449505567550659
0.17070728540420532
0.05409543216228485
0.03779345005750656
0.0894506573677063
0.1352289766073227
0.14665091037750244
0.12894997000694275
0.09714965522289276
0.06656953692436218
0.047779280692338943
0.044367190450429916
0.0519728921353817
0.06011810153722763
0.0596470944583416
0.04989487677812576
0.03636191785335541
0.024175098165869713
0.015957098454236984
0.01274766493588686
0.014410029165446758
0.01941065676510334
0.02518419176340103
0.02911306731402874
0.02959766983985901
0.02666354738175869
0.021692318841814995
0.01653228886425495
0.012621217407286167
0.010501501150429249
0.009863084182143211
0.010039577260613441
0.01049388013780117
0.010853692889213562
0.010799597017467022
0.010320943780243397
0.009886256419122219
0.009939983487129211
0.010337945073843002
0.010539054870605469
0.01019674725830555
0.009332945570349693
0.008162680082023144
0.007020274642854929
0.0063066864386200905
0.006251778919249773
0.006715106312185526
0.00730560626834631
0.0076903593726456165
0.007763616740703583
0.007583139929920435
0.007249350193887949
0.006873182952404022
0.0065774195827543736
0.006434299983084202
0.006400321610271931
0.006368079222738743
0.006290225777775049
0.0062131332233548164
0.006194133777171373
0.0062365904450416565
0.006307661067694426
0.006367203779518604
0.00637106504291296
0.0062922886572778225
0.006153658963739872
0.006014687940478325
0.005923233926296234
0.005892867688089609
0.005913944914937019
0.005962715018540621
0.006004142574965954
0.006009256932884455
0.005977376364171505
0.005932535044848919
0.005896287504583597
0.005871573928743601
0.0058518159203231335
0.00583344092592597
0.00581553066149354
0.005797072779387236
0.005780308041721582
0.005770597141236067
0.005769069772213697
0.005769607611000538
0.005764581263065338
0.005750290118157864
0.005727793090045452
0.00570236099883914
0.005681068170815706
0.005667572375386953
0.005659691523760557
0.005653053056448698
0.0056450096890330315
0.005634489469230175
0.005621189717203379
0.005606433376669884
0.005592474713921547
0.005579876713454723
0.005567174404859543
0.0055533517152071
0.005539001431316137
0.005525094456970692
0.005512110888957977
0.005500103812664747
0.005488536320626736
0.005476350896060467
0.005462893284857273
0.005448381882160902
0.005433435086160898
0.005418609827756882
0.005404300522059202
0.005390442907810211
0.005376514047384262
0.005362118128687143
0.005347393918782473
0.005332611035555601
0.00531776761636138
0.0053027658723294735
0.005287518724799156
0.005271913018077612
0.005255909636616707
0.005239689722657204
0.005223482381552458
0.005207345355302095
0.0051911696791648865
0.005174779798835516
0.005158035550266504
0.005140932276844978
0.005123571492731571
0.005106048192828894
0.005088367033749819
0.00507051357999444
0.005052462220191956
0.0050341663882136345
0.005015635397285223
0.004996905103325844
0.004977978765964508
0.004958807956427336
0.004939358681440353
0.004919631406664848
0.004899646155536175
0.004879433196038008
0.004859007894992828
0.004838359076529741
0.004817451350390911
0.004796265158802271
0.004774795845150948
0.004753045737743378
0.0047310288064181805
0.004708746913820505
0.004686182830482721
0.0046633342280983925
0.00464019738137722
0.004616778343915939
0.004593077581375837
0.0045690834522247314
0.0045447880402207375
0.004520182032138109
0.004495264962315559
0.004470036365091801
0.004444492515176535
0.004418639931827784
0.004392466973513365
0.004365971777588129
0.00433915201574564
0.004312008619308472
0.004284540191292763
0.004256737418472767
0.004228597041219473
0.004200116731226444
0.004171295091509819
0.004142135847359896
0.004112635273486376
0.004082793835550547
0.004052608273923397
0.004022078588604927
0.0039912024512887
0.00395998964086175
0.003928427118808031
0.0038965221028774977
0.003864272730425
0.0038316824939101934
0.003798749763518572
0.0037654887419193983
0.0037318947724997997
0.003697977401316166
0.003663735929876566
0.003629181068390608
0.0035943163093179464
0.003559149568900466
0.003523689229041338
0.003487944370135665
0.0034519254695624113
0.0034156464971601963
0.0033791197929531336
0.0033423579297959805
0.0033053779043257236
0.0032681962475180626
0.0032308283261954784
0.0031932974234223366
0.003155619604513049
0.0031178195495158434
0.003079924965277314
0.003041958436369896
0.0030039483681321144
0.0029659238643944263
0.002927915658801794
0.0028899561148136854
0.0028520759660750628
0.0028143173549324274
0.002776708221063018
0.002739292336627841
0.0027021081186830997
0.0026651928201317787
0.002628592075780034
0.0025923463981598616
0.0025564939714968204
0.0025210813619196415
0.0024861495476216078
0.002451736945658922
0.002417892450466752
0.0023846514523029327
0.002352052601054311
0.0023201373405754566
0.0022889391984790564
0.0022584942635148764
0.002228828612715006
0.0021999762393534184
0.002171960426494479
0.002144803525879979
0.002118525793775916
0.0020931405015289783
0.0020686581265181303
0.0020450858864933252
0.0020224289037287235
0.002000685315579176
0.001979849301278591
0.001959912246093154
0.0019408600637689233
0.0019226799486204982
0.0019053455907851458
0.0018888366175815463
0.0018731288146227598
0.0018581878393888474
0.001843988080509007
0.0018304897239431739
0.0018176597077399492
0.0018054638057947159
0.0017938570817932487
0.001782808918505907
0.0017722774064168334
0.001762222615070641
0.0017526098527014256
0.0017433986067771912
0.0017345567466691136
0.0017260477179661393
0.0017178371781483293
0.0017098948592320085
0.0017021948006004095
0.0016947067342698574
0.0016874062130227685
0.00168026948813349
0.0016732783988118172
0.0016664153663441539
0.001659659668803215
0.0016530014108866453
0.0016464246436953545
0.0016399214509874582
0.0016334825195372105
0.001627099234610796
0.0016207658918574452
0.0016144762048497796
0.0016082266811281443
0.0016020145267248154
0.0015958398580551147
0.0015896958066150546
0.0015835849335417151
0.0015775024658069015
0.0015714522451162338
0.0015654312446713448
0.0015594378346577287
0.0015534746926277876
0.0015475420514121652
0.0015416357200592756
0.0015357608208432794
0.001529913512058556
0.0015240937937051058
0.0015183016657829285
0.0015125387581065297
0.0015068018110468984
0.0015010935021564364
0.0014954102225601673
0.0014897531364113092
0.0014841187512502074
0.0014785099774599075
0.001472923788242042
0.0014673609985038638
0.001461818814277649
0.0014562982833012938
0.0014507939340546727
0.0014453103067353368
0.0014398426283150911
0.0014343921793624759
0.0014289586106315255
0.0014235387789085507
0.0014181341975927353
0.0014127410249784589
0.0014073618222028017
0.0014019914669916034
0.0013966335682198405
0.0013912866124883294
0.001385946525260806
0.001380615634843707
0.0013752930099144578
0.00136997876688838
0.001364671508781612
0.0013593700714409351
0.0013540750369429588
0.0013487852411344647
0.0013435001019388437
0.0013382196193560958
0.0013329442590475082
0.0013276730896905065
0.0013224035501480103
0.0013171390164643526
0.0013118779752403498
0.0013066191459074616
0.0013013624120503664
0.0012961080064997077
0.0012908544158563018
0.001285604783333838
0.0012803570134565234
0.0012751095928251743
0.0012698646169155836
0.001264620223082602
0.0012593789724633098
0.001254139468073845
0.0012488976353779435
0.0012436594115570188
0.0012384221190586686
0.0012331835459917784
0.0012279486982151866
0.0012227128027006984
0.0012174787698313594
0.001212244387716055
0.001207011635415256
0.00120177969802171
0.0011965479934588075
0.0011913161724805832
0.001186087029054761
0.001180859049782157
0.0011756315361708403
0.001170404371805489
0.0011651801178231835
0.0011599550489336252
0.0011547306785359979
0.0011495091021060944
0.0011442881077528
0.001139070256613195
0.0011338532203808427
0.0011286361841484904
0.0011234224075451493
0.0011182090966030955
0.0011129993945360184
0.001107789110392332
0.0011025835992768407
0.0010973792523145676
0.001092178630642593
0.0010869792895391583
0.0010817836737260222
0.0010765889892354608
0.0010713976807892323
0.0010662114946171641
0.0010610264725983143
0.001055845175869763
0.00105066760443151
0.0010454929433763027
0.0010403224732726812
0.0010351577075198293
0.001029994455166161
0.0010248366743326187
0.0010196826187893748
0.001014535198919475
0.0010093901073560119
0.0010042524663731456
0.000999117037281394
0.0009939884766936302
0.0009888657368719578
0.000983747304417193
0.0009786348091438413
0.0009735281346365809
0.0009684278629720211
0.0009633334120735526
0.0009582458878867328
0.0009531661635264754
0.0009480910375714302
0.0009430240606889129
0.0009379637194797397
0.0009329107706435025
0.0009278656798414886
0.0009228275157511234
0.0009178001782856882
0.0009127775556407869
0.0009077641880139709
0.0009027584455907345
0.0008977622492238879
0.0008927751914598048
0.000887796632014215
0.0008828269201330841
0.0008778675692155957
0.0008729164837859571
0.000867975817527622
0.0008630448137409985
0.000858125917147845
0.0008532144129276276
0.0008483164710924029
0.0008434255723841488
0.0008385488763451576
0.0008336817263625562
0.0008288262761197984
0.0008239821181632578
0.0008191500091925263
0.000814327853731811
0.0008095207158476114
0.0008047242881730199
0.0007999423542059958
0.0007951706065796316
0.0007904124213382602
0.0007856677984818816
0.0007809355738572776
0.0007762169698253274
0.0007715125102549791
0.0007668228354305029
0.0007621440454386175
0.0007574824849143624
0.0007528351270593703
0.0007482011569663882
0.0007435823208652437
0.000738979026209563
0.0007343915058299899
0.0007298183045350015
0.0007252608775161207
0.0007207193411886692
0.0007161936955526471
0.0007116844062693417
0.0007071904256008565
0.0007027154206298292
0.0006982545019127429
0.0006938121514394879
0.0006893855752423406
0.0006849769852124155
0.0006805865559726954
0.0006762125995010138
0.0006718577351421118
0.0006675190525129437
0.0006631997530348599
0.0006589001277461648
0.0006546168006025255
0.0006503516342490911
0.0006461066077463329
0.0006418806151486933
0.0006376735982485116
0.0006334871286526322
0.0006293181795626879
0.000625169719569385
0.0006210407591424882
0.0006169335101731122
0.0006128443055786192
0.0006087776855565608
0.0006047280039638281
0.0006007008487358689
0.0005966947064734995
0.0005927088786847889
0.0005887463921681046
0.0005848025321029127
0.0005808811984024942
0.0005769807612523437
0.0005731013370677829
0.0005692445556633174
0.0005654087872244418
0.0005615953705273569
0.0005578045384027064
0.0005540357669815421
0.0005502900457940996
0.0005465645808726549
0.0005428626900538802
0.0005391838494688272
0.0005355272442102432
0.0005318941548466682
0.000528283417224884
0.0005246967193670571
0.0005211320822127163
0.0005175910773687065
0.0005140732391737401
0.0005105793825350702
0.0005071084597148001
0.0005036614020355046
0.000500237219966948
0.0004968374851159751
0.0004934616154059768
0.0004901097272522748
0.00048678150051273406
0.00048347702249884605
0.0004801963805221021
0.00047694059321656823
0.0004737075068987906
0.0004705017781816423
0.0004673174407798797
0.00046415833639912307
0.0004610232717823237
0.0004579130036290735
0.00045482575660571456
0.0004517644119914621
0.00044872620492242277
0.0004457141039893031
0.0004427236854098737
0.0004397600132506341
0.0004368201771285385
0.00043390467180870473
0.00043101373012177646
0.0004281475266907364
0.00042530521750450134
0.00042248735553584993
0.00041969394078478217
0.00041692584636621177
0.0004141812096349895
0.0004114610783290118
0.00040876524872146547
0.000406094070058316
0.00040344666922464967
0.00040082467603497207
0.00039822503458708525
0.00039564986946061254
0.0003931001992896199
0.0003905741323251277
0.0003880715521518141
0.0003855919640045613
0.0003831381327472627
0.0003807071188930422
0.0003783006686717272
0.00037591735599562526
0.0003735575301107019
0.0003712215693667531
0.0003689087461680174
0.0003666189732030034
0.0003643529780674726
0.0003621098003350198
0.00035989127354696393
0.0003576946328394115
0.00035552092595025897
0.0003533701819833368
0.000351242400938645
0.0003491366805974394
0.00034705415600910783
0.0003449931391514838
0.0003429550852160901
0.0003409395576454699
0.00033894579974003136
0.000336973462253809
0.00033502434962429106
0.00033309549326077104
0.000331189192365855
0.0003293037007097155
0.000327440386172384
0.0003255978226661682
0.00032377656316384673
0.00032197614200413227
0.00032019676291383803
0.00031843793112784624
0.00031669955933466554
0.0003149813273921609
0.0003132839628960937
0.0003116067382507026
0.00030994878034107387
0.00030831090407446027
0.0003066938079427928
0.00030509434873238206
0.0003035154950339347
0.000301955733448267
0.00030041454010643065
0.0002988935448229313
0.0002973896625917405
0.000295905425446108
0.0002944396110251546
0.0002929923066403717
0.0002915627555921674
0.00029015052132308483
0.0002887570590246469
0.0002873810299206525
0.0002860217646230012
0.0002846813586074859
0.00028335736715234816
0.00028204970294609666
0.0002807600540108979
0.0002794872270897031
0.00027822935953736305
0.00027698837220668793
0.00027576371212489903
0.0002745561650954187
0.0002733634610194713
0.0002721861528698355
0.0002710255794227123
0.00026987941237166524
0.0002687482920009643
0.0002676322765182704
0.0002665312204044312
0.0002654458221513778
0.00026437349151819944
0.0002633159456308931
0.00026227300986647606
0.0002612441312521696
0.00026022791280411184
0.0002592271484900266
0.0002582393935881555
0.00025726493913680315
0.0002563034649938345
0.00025535523309372365
0.0002544187009334564
0.000253496749792248
0.00025258740060962737
0.00025168940192088485
0.0002508039178792387
0.0002499306865502149
0.0002490685728844255
0.00024821984698064625
0.0002473817439749837
0.0002465552242938429
0.00024574060807935894
0.00024493731325492263
0.0002441439137328416
0.00024336199567187577
0.0002425916027277708
0.00024183069763239473
0.00024107984791044146
0.00024034043599385768
0.00023961145780049264
0.0002388915600022301
0.00023818179033696651
0.00023748171224724501
0.00023679150035604835
0.00023611045617144555
0.00023543849238194525
0.00023477690410800278
0.00023412333393935114
0.00023347869864664972
0.00023284225608222187
0.00023221640731208026
0.00023159805277828127
0.0002309876581421122
0.0002303860237589106
0.00022979250934440643
0.00022920695482753217
0.00022862946207169443
0.0002280596672790125
0.0002274975850014016
0.00022694269136991352
0.00022639504459220916
0.00022585572151001543
0.00022532316506840289
0.00022479765175376087
0.00022427868680097163
0.00022376759443432093
0.00022326174075715244
0.00022276428353507072
0.00022227151202969253
0.00022178608924150467
0.0002213074913015589
0.00022083456860855222
0.00022036874725017697
0.00021990736422594637
0.00021945274784229696
0.00021900414139963686
0.00021856075909454376
0.0002181234012823552
0.00021769160230178386
0.000217264867387712
0.00021684393868781626
0.00021642800129484385
0.00021601708431262523
0.0002156118571292609
0.00021521035523619503
0.00021481532894540578
0.00021442414436023682
0.00021403850405476987
0.00021365692373365164
0.00021327979629859328
0.00021290760196279734
0.00021254064631648362
0.00021217725588940084
0.00021181776537559927
0.00021146272774785757
0.00021111233218107373
0.00021076521079521626
0.00021042315347585827
0.00021008425392210484
0.00020974969083908945
0.00020941846014466137
0.00020909102750010788
0.00020876812050119042
0.00020844802202191204
0.00020813156152144074
0.0002078185643767938
0.00020750891417264938
0.00020720290194731206
0.0002069005713565275
0.00020660088921431452
0.00020630496146623045
0.00020601118740160018
0.00020572179346345365
0.0002054340293398127
0.00020515047071967274
0.00020486977882683277
0.00020459029474295676
0.00020431487064342946
0.00020404355018399656
0.00020377313194330782
0.00020350515842437744
0.00020324082288425416
0.0002029788156505674
0.0002027190785156563
0.00020246252825018018
0.0002022076805587858
0.00020195567049086094
0.00020170646894257516
0.0002014585625147447
0.00020121317356824875
0.00020097079686820507
0.00020073010819032788
0.00020049158774781972
0.00020025548292323947
0.00020002138626296073
0.0001997889921767637
0.00019955846073571593
0.00019933034491259605
0.0001991048629861325
0.00019888025417458266
0.00019865859940182418
0.00019843813788611442
0.00019821895693894476
0.00019800256995949894
0.0001977871434064582
0.00019757429254241288
0.00019736283866222948
0.0001971530437003821
0.00019694463117048144
0.0001967377174878493
0.0001965330302482471
0.00019632950716186315
0.00019612771575339139
0.00019592721946537495
0.0001957286731339991
0.00019553113088477403
0.0001953352621058002
0.00019514090672601014
0.00019494742446113378
0.0001947557320818305
0.00019456537847872823
0.00019437700393609703
0.00019418926967773587
0.00019400213204789907
0.00019381754100322723
0.00019363391038496047
0.0001934511965373531
0.00019326951587572694
0.0001930893340613693
0.00019291110220365226
0.00019273217185400426
0.0001925560354720801
0.00019238110689911991
0.000192205814528279
0.000192032937775366
0.00019185991550330073
0.00019168977451045066
0.00019151873129885644
0.00019135007460135967
0.00019118185446131974
0.00019101442012470216
0.00019084839732386172
0.00019068257824983448
0.00019051866547670215
0.00019035517470911145
0.00019019328465219587
0.00019003161287400872
0.00018987084331456572
0.00018971179088111967
0.00018955179257318377
0.0001893950393423438
0.00018923768948297948
0.00018908135825768113
0.00018892639491241425
0.00018877213005907834
0.0001886182726593688
0.0001884649827843532
0.0001883128279587254
0.00018816068768501282
0.00018800987163558602
0.0001878598122857511
0.0001877110917121172
0.0001875637099146843
0.00018741522217169404
0.00018726810230873525
0.00018712124438025057
0.00018697614723350853
0.00018683173402678221
0.0001866866077762097
0.0001865432714112103
0.00018640054622665048
0.0001862590288510546
0.00018611746781971306
0.00018597567395772785
0.00018583532073535025
0.00018569538951851428
0.0001855570008046925
0.00018541858298704028
0.0001852802379289642
0.00018514359544496983
0.00018500667647458613
0.00018486991757526994
0.0001847349340096116
0.00018460009596310556
0.0001844653597800061
0.0001843316131271422
0.00018419846310280263
0.00018406540038995445
0.00018393350183032453
0.00018380169058218598
0.0001836707815527916
0.00018354009080212563
0.0001834093709476292
0.00018328010628465563
0.00018315027409698814
0.00018302210082765669
0.00018289392755832523
0.00018276568152941763
0.00018263907986693084
0.00018251256551593542
0.00018238624033983797
0.00018226027896162122
0.00018213482690043747
0.0001820103934733197
0.0001818854216253385
0.00018176196317654103
0.00018163828644901514
0.0001815151481423527
0.00018139216990675777
0.00018127026851288974
0.0001811488182283938
0.00018102700414601713
0.00018090667435899377
0.00018078584980685264
0.0001806668151402846
0.00018054581596516073
0.00018042634474113584
0.00018030802311841398
0.00018018919217865914
0.00018007130711339414
0.00017995382950175554
0.00017983636644203216
0.00017971951456274837
0.00017960295372176915
0.0001794872950995341
0.0001793714618543163
0.0001792559341993183
0.00017914039199240506
0.00017902640684042126
0.00017891157767735422
0.00017879725783132017
0.00017868434952106327
0.00017857030616141856
0.0001784580817911774
0.00017834473692346364
0.00017823337111622095
0.00017812087025959045
0.0001780094753485173
0.00017789850244298577
0.0001777875586412847
0.0001776775752659887
0.00017756703891791403
0.0001774573902366683
0.00017734675202518702
0.00017723842756822705
0.0001771289826137945
0.00017702070181258023
0.00017691290122456849
0.00017680447490420192
0.00017669708176981658
0.00017658955766819417
0.00017648242646828294
0.00017637485871091485
0.00017626937187742442
0.00017616349214222282
0.0001760569866746664
0.00017595128156244755
0.0001758463477017358
0.00017574129742570221
0.00017563659639563411
0.00017553169163875282
0.00017542802379466593
0.0001753243268467486
0.00017522105190437287
0.00017511747137177736
0.00017501492402516305
0.00017491125618107617
0.00017480962560512125
0.000174707209225744
0.00017460495291743428
0.00017450352606829256
0.00017440240480937064
0.00017430190928280354
0.00017419992946088314
0.00017409988504368812
0.00017399904027115554
0.0001738993014441803
0.0001737996790325269
0.00017370008572470397
0.0001736007397994399
0.00017350169946439564
0.00017340293561574072
0.00017330447735730559
0.0001732063537929207
0.0001731082156766206
0.0001730100339045748
0.00017291225958615541
0.000172815503901802
0.00017271836986765265
0.00017262167239096016
0.00017252490215469152
0.0001724281464703381
0.0001723325258353725
0.00017223649774678051
0.00017214044055435807
0.000172045809449628
0.00017195042164530605
0.00017185519391205162
0.00017176047549583018
0.0001716661936370656
0.00017157122783828527
0.0001714779791655019
0.00017138387192972004
0.00017129004118032753
0.00017119682161137462
0.00017110377666540444
0.00017101046978496015
0.00017091823974624276
0.00017082538397517055
0.00017073324124794453
0.0001706408365862444
0.00017054897034540772
0.00017045726417563856
0.0001703666930552572
0.00017027484136633575
0.00017018368816934526
0.00017009308794513345
0.00017000189109239727
0.00016991206211969256
0.00016982152010314167
0.00016973188030533493
0.00016964133828878403
0.0001695516984909773
0.0001694629027042538
0.00016937371401581913
0.00016928389959502965
0.00016919600602705032
0.0001691075594862923
0.0001690188073553145
0.00016893081192392856
0.00016884246724657714
0.0001687546173343435
0.00016866678197402507
0.00016857967420946807
0.00016849215899128467
0.0001684055314399302
0.0001683183800196275
0.00016823135956656188
0.00016814471746329218
0.0001680584973655641
0.00016797259740997106
0.00016788732318673283
0.00016780072473920882
0.0001677149994065985
0.0001676291722105816
0.00016754423268139362
0.00016745907487347722
0.0001673744263825938
0.00016728974878787994
0.00016720550775062293
0.00016712107753846794
0.0001670366618782282
0.00016695272643119097
0.00016686909657437354
0.00016678567044436932
0.00016670221521053463
0.00016661906556691974
0.00016653534839861095
0.0001664529409026727
0.0001663703005760908
0.0001662879076320678
0.0001662051654420793
0.00016612306353636086
0.0001660410052863881
0.00016595884517300874
0.00016587716527283192
0.00016579570365138352
0.000165713659953326
0.0001656325184740126
0.0001655515079619363
0.00016547036648262292
0.00016538954514544457
0.00016530904395040125
0.00016522903752047569
0.00016514869639649987
0.0001650685298955068
0.00016498829063493758
0.00016490831330884248
0.0001648291217861697
0.00016474937729071826
0.00016467006935272366
0.00016459054313600063
0.00016451170085929334
0.00016443317872472107
0.0001643546565901488
0.00016427600348833948
0.00016419774328824133
0.00016411958495154977
0.00016404135385528207
0.0001639632973819971
0.00016388544463552535
0.00016380753368139267
0.00016373071412090212
0.00016365243936888874
0.00016357642016373575
0.00016349910583812743
0.00016342195158358663
0.00016334505926351994
0.0001632687053643167
0.00016319130372721702
0.00016311564831994474
0.00016304028395097703
0.0001629643520573154
0.00016288782353512943
0.0001628125028219074
0.00016273674555122852
0.00016266103193629533
0.00016258616233244538
0.00016251082706730813
0.00016243572463281453
0.00016236134979408234
0.00016228623280767351
0.0001622112758923322
0.00016213697381317616
0.00016206290456466377
0.0001619890972506255
0.00016191521717701107
0.00016184072592295706
0.000161767442477867
0.00016169395530596375
0.00016162023530341685
0.00016154722834471613
0.00016147356654983014
0.00016140118532348424
0.00016132825112435967
0.00016125508409459144
0.00016118281928356737
0.00016111021977849305
0.00016103804227896035
0.0001609658356755972
0.00016089346900116652
0.00016082156798802316
0.00016074918676167727
0.00016067760589066893
0.0001606065925443545
0.00016053525905590504
0.000160463823704049
0.00016039289766922593
0.00016032115672715008
0.00016025036165956408
0.0001601794792804867
0.00016010865510907024
0.00016003813652787358
0.00015996811271179467
0.00015989798703230917
0.00015982768672984093
0.0001597572845639661
0.0001596875226823613
0.0001596174988662824
0.00015954868285916746
0.0001594789937371388
0.00015940924640744925
0.0001593402703292668
0.00015927114873193204
0.00015920198347885162
0.00015913305105641484
0.0001590645406395197
0.00015899540449026972
0.00015892746159806848
0.00015885871835052967
0.00015879067359492183
0.00015872235235292464
0.00015865472960285842
0.000158586073666811
0.00015851885837037116
0.0001584510027896613
0.00015838346735108644
0.00015831622295081615
0.00015824855654500425
0.00015818196698091924
0.00015811437333468348
0.0001580476382514462
0.00015798068488948047
0.000157914066221565
0.00015784747665748
0.00015778095985297114
0.00015771441394463181
0.00015764839190524071
0.0001575824135215953
0.00015751579485367984
0.0001574503257870674
0.0001573846093378961
0.00015731896564830095
0.00015725393313914537
0.00015718810027465224
0.00015712279127910733
0.0001570579333929345
0.0001569924206705764
0.00015692708257120103
0.0001568622828926891
0.00015679806529078633
0.00015673333837185055
0.00015666871331632137
0.00015660354983992875
0.00015653962327633053
0.0001564756821608171
0.0001564114645589143
0.00015634784358553588
0.0001562833203934133
0.00015621932107023895
0.00015615634038113058
0.00015609296679031104
0.00015602931671310216
0.000155966030433774
0.00015590287512168288
0.00015583929780405015
0.0001557764335302636
0.00015571346739307046
0.00015565077774226665
0.0001555883209221065
0.0001555258349981159
0.00015546374197583646
0.00015540096501354128
0.00015533923578914255
0.00015527663344983011
0.00015521420573350042
0.00015515270933974534
0.00015509083459619433
0.00015502893074881285
0.00015496743435505778
0.00015490596706513315
0.00015484400501009077
0.00015478301793336868
0.00015472281666006893
0.00015466107288375497
0.00015460053691640496
0.00015453917148988694
0.00015447847545146942
0.00015441764844581485
0.00015435727254953235
0.00015429669292643666
0.00015423634613398463
0.00015417639224324375
0.0001541161327622831
0.0001540557132102549
0.0001539956429041922
0.00015393646026495844
0.00015387545863632113
0.0001538166106911376
0.00015375687507912517
0.00015369754692073911
0.0001536379859317094
0.00015357886150013655
0.00015351970796473324
0.00015346119471359998
0.00015340202662628144
0.000153342800331302
0.00015328435983974487
0.00015322529361583292
0.00015316708595491946
0.0001531082671135664
0.0001530500885564834
0.0001529921719338745
0.00015293310570996255
0.00015287561109289527
0.0001528169377706945
0.00015275993791874498
0.000152701570186764
0.0001526444248156622
0.00015258617349900305
0.00015252912999130785
0.00015247146075125784
0.0001524143008282408
0.00015235722821671516
0.00015229961718432605
0.00015224286471493542
0.00015218603948596865
0.0001521293743280694
0.00015207183605525643
0.00015201568021439016
0.0001519593788543716
0.0001519027428003028
0.00015184625226538628
0.00015178948524408042
0.00015173363499343395
0.00015167782839853317
0.00015162122144829482
0.00015156602603383362
0.00015151008847169578
0.00015145362704060972
0.0001513985771453008
0.00015134272689465433
0.00015128724044188857
0.00015123214689083397
0.0001511768641648814
0.00015112149412743747
0.00015106705541256815
0.00015101149620022625
0.00015095681010279804
0.00015090132365003228
0.00015084711776580662
0.0001507926353951916
0.00015073745453264564
0.00015068388893269002
0.00015062913007568568
0.0001505745021859184
0.00015052041271701455
0.00015046649787109345
0.0001504121464677155
0.000150357824168168
0.0001503047242294997
0.0001502503437222913
0.00015019634156487882
0.00015014325617812574
0.00015008970513008535
0.000150036794366315
0.00014998289407230914
0.0001499298814451322
0.00014987651957198977
0.00014982330321799964
0.00014977066894061863
0.00014971749624237418
0.00014966516755521297
0.000149611834785901
0.00014955943333916366
0.00014950604236219078
0.00014945406292099506
0.0001494016614742577
0.00014934901264496148
0.00014929697499610484
0.00014924495189916342
0.00014919316163286567
0.00014914076018612832
0.00014908870798535645
0.00014903709234204143
0.00014898547669872642
0.0001489338173996657
0.00014888247824274004
0.00014883099356666207
0.00014877917419653386
0.00014872782048769295
0.0001486761902924627
0.00014862517127767205
0.00014857406495139003
0.00014852359890937805
0.00014847292914055288
0.0001484212843934074
0.0001483702362747863
0.00014832016313448548
0.00014826947881374508
0.00014821845979895443
0.0001481684303143993
0.00014811799337621778
0.00014806792023591697
0.00014801733777858317
0.00014796714822296053
0.0001479179336456582
0.00014786780229769647
0.00014781781646888703
0.0001477677869843319
0.0001477176119806245
0.00014766823733225465
0.0001476186589570716
0.0001475688477512449
0.00014751961862202734
0.00014747021486982703
0.0001474210002925247
0.00014737156743649393
0.0001473229203838855
0.00014727399684488773
0.0001472246367484331
0.00014717596059199423
0.00014712724077980965
0.00014707849186379462
0.00014702985936310142
0.00014698128507006913
0.00014693209959659725
0.0001468841073801741
0.00014683653716929257
0.000146787817357108
0.00014673931582365185
0.00014669116353616118
0.0001466435205657035
0.00014659516455139965
0.00014654741971753538
0.0001464992092223838
0.00014645194460172206
0.0001464040979044512
0.00014635628031101078
0.00014630913210567087
0.00014626100892201066
0.00014621359878219664
0.00014616626140195876
0.00014611936057917774
0.00014607221237383783
0.00014602523879148066
0.00014597777044400573
0.00014593079686164856
0.00014588443445973098
0.00014583708252757788
0.0001457907201256603
0.00014574432861991227
0.0001456975587643683
0.00014565145829692483
0.0001456049649277702
0.00014555803500115871
0.0001455119636375457
0.00014546539750881493
0.00014541955897584558
0.00014537316747009754
0.00014532761997543275
0.00014528073370456696
0.0001452355063520372
0.00014518937678076327
0.00014514381473418325
0.00014509791799355298
0.00014505271974485368
0.00014500778343062848
0.0001449612609576434
0.00014491572801489383
0.00014487073349300772
0.0001448249677196145
0.00014478056982625276
0.00014473538612946868
0.0001446900423616171
0.00014464561536442488
0.00014460024249274284
0.00014455556811299175
0.00014451057359110564
0.00014446626300923526
0.00014442135579884052
0.00014437703066505492
0.00014433191972784698
0.0001442876528017223
0.0001442439534002915
0.00014419907529372722
0.0001441542844986543
0.00014411061420105398
0.00014406615810003132
0.00014402219676412642
0.00014397814811673015
0.00014393421588465571
0.00014389067655429244
0.00014384649693965912
0.00014380336506292224
0.00014375893806573004
0.00014371584984473884
0.0001436725870007649
0.00014362912042997777
0.00014358504267875105
0.00014354255108628422
0.0001434987789252773
0.00014345513773150742
0.00014341242786031216
0.0001433693541912362
0.00014332658611238003
0.00014328396355267614
0.00014324099174700677
0.00014319825277198106
0.00014315474254544824
0.00014311194536276162
0.00014306948287412524
0.00014302725321613252
0.0001429842523066327
0.0001429420808563009
0.0001429003314115107
0.00014285791257862002
0.00014281473704613745
0.00014277281297836453
0.00014273064152803272
0.00014268883387558162
0.00014264715719036758
0.00014260502939578146
0.0001425632362952456
0.00014252141409087926
0.00014247970830183476
0.0001424383226549253
0.000142396311275661
0.00014235431444831192
0.0001423133071511984
0.00014227161591406912
0.0001422304630978033
0.00014218913565855473
0.000142147924634628
0.0001421062188455835
0.00014206547348294407
0.00014202456804923713
0.00014198357530403882
0.00014194224786479026
0.00014190094952937216
0.00014186066982802004
0.00014181947335600853
0.00014177861157804728
0.0001417383609805256
0.00014169784844852984
0.000141656884807162
0.0001416167797287926
0.00014157613622955978
0.00014153590018395334
0.00014149589696899056
0.00014145516615826637
0.00014141514839138836
0.00014137521793600172
0.0001413352001691237
0.00014129570627119392
0.00014125535381026566
0.000141215103212744
0.00014117521641310304
0.00014113541692495346
0.0001410949626006186
0.00014105580339673907
0.00014101687702350318
0.00014097662642598152
0.00014093717618379742
0.00014089792966842651
0.00014085833390709013
0.00014081920380704105
0.00014077981177251786
0.00014074108912609518
0.00014070126053411514
0.00014066217408981174
0.0001406229566782713
0.00014058477245271206
0.00014054530765861273
0.00014050654135644436
0.00014046739670448005
0.00014042839757166803
0.00014038998051546514
0.00014035165077075362
0.00014031260798219591
0.00014027416182216257
0.00014023564290255308
0.00014019694935996085
0.00014015837223269045
0.00014012056635692716
0.00014008161087986082
0.00014004361582919955
0.00014000579540152103
0.00013996729103382677
0.00013992915046401322
0.00013989100989419967
0.00013985308760311455
0.000139815456350334
0.0001397775049554184
0.00013973968452773988
0.00013970198051538318
0.00013966452388558537
0.00013962644152343273
0.00013958911586087197
0.00013955151371192187
0.00013951399887446314
0.0001394766877638176
0.00013943942030891776
0.00013940187636762857
0.00013936446339357644
0.00013932769070379436
0.00013929011765867472
0.00013925277744419873
0.00013921588833909482
0.00013917908654548228
0.00013914186274632812
0.0001391044061165303
0.00013906758977100253
0.00013903086073696613
0.00013899456826038659
0.0001389577373629436
0.00013892125571146607
0.00013888489047531039
0.0001388482196489349
0.00013881114136893302
0.00013877509627491236
0.0001387382799293846
0.00013870239490643144
0.000138665855047293
0.00013862969353795052
0.00013859332830179483
0.00013855649740435183
0.00013852094707544893
0.00013848458183929324
0.00013844833301845938
0.0001384126371704042
0.00013837710139341652
0.00013834115816280246
0.00013830514217261225
0.00013826954818796366
0.00013823375047650188
0.0001381982146995142
0.0001381617912556976
0.00013812708493787795
0.00013809133088216186
0.00013805496564600617
0.00013801996828988194
0.00013798486907035112
0.00013794944970868528
0.00013791394303552806
0.00013787900388706475
0.0001378434826619923
0.00013780868903268129
0.00013777302228845656
0.00013773819955531508
0.0001377037842758
0.00013766836491413414
0.0001376330037601292
0.00013759855937678367
0.00013756315456703305
0.00013752876839134842
0.00013749372737947851
0.00013745989417657256
0.00013742494047619402
0.00013739019050262868
0.0001373557752231136
0.00013732192746829242
0.0001372869301121682
0.0001372521073790267
0.00013721820141654462
0.00013718375703319907
0.00013714937085751444
0.0001371150283375755
0.00013708059850614518
0.00013704714365303516
0.000137013616040349
0.00013697854592464864
0.00013694496010430157
0.00013691103958990425
0.0001368769590044394
0.0001368429366266355
0.0001368094381177798
0.00013677551760338247
0.00013674191723112017
0.00013670804037246853
0.00013667454186361283
0.00013664098514709622
0.00013660713739227504
0.00013657371164299548
0.00013653977657668293
0.00013650712207891047
0.00013647347805090249
0.0001364401396131143
0.0001364071504212916
0.00013637379743158817
0.0001363403134746477
0.00013630751345772296
0.00013627381122205406
0.00013624106941279024
0.00013620762911159545
0.00013617485819850117
0.00013614150520879775
0.00013610930182039738
0.00013607605069410056
0.00013604325067717582
0.000136009999550879
0.00013597797078546137
0.00013594534539151937
0.00013591244351118803
0.00013587941066361964
0.0001358470181003213
0.00013581464008893818
0.00013578230573330075
0.00013574969489127398
0.0001357169821858406
0.0001356853317702189
0.00013565258996095508
0.00013562021194957197
0.00013558742648456246
0.0001355559506919235
0.00013552335440181196
0.0001354914129478857
0.00013545900583267212
0.00013542704982683063
0.00013539526844397187
0.00013536323967855424
0.0001353314728476107
0.00013529947318602353
0.00013526729890145361
0.00013523608504328877
0.0001352041435893625
0.0001351725368294865
0.00013514143938664347
0.00013510946882888675
0.0001350775419268757
0.00013504570233635604
0.00013501435751095414
0.00013498305634129792
0.0001349512895103544
0.00013492027937900275
0.00013488902186509222
0.0001348570513073355
0.00013482554641086608
0.00013479468179866672
0.0001347634824924171
0.0001347319921478629
0.00013470114208757877
0.00013467046665027738
0.00013463942741509527
0.00013460811169352382
0.00013457777095027268
0.00013454616419039667
0.00013451554696075618
0.00013448479876387864
0.0001344534393865615
0.00013442288036458194
0.00013439220492728055
0.0001343615003861487
0.00013433070853352547
0.0001343001058558002
0.00013426976511254907
0.00013423895870801061
0.00013420857430901378
0.00013417791342362761
0.00013414699060376734
0.00013411702821031213
0.0001340869494015351
0.0001340562739642337
0.000134026471641846
0.000133996203658171
0.00013396533904597163
0.00013393559493124485
0.00013390502135735005
0.00013387495710048825
0.00013384493649937212
0.0001338153815595433
0.0001337849535048008
0.00013375496200751513
0.00013372558169066906
0.00013369496446102858
0.0001336649729637429
0.00013363544712774456
0.00013360595039557666
0.00013357604620978236
0.00013354659313336015
0.00013351654342841357
0.00013348691572900862
0.00013345738989301026
0.00013342774764169008
0.00013339814904611558
0.00013336888514459133
0.00013333905371837318
0.000133309920784086
0.0001332801184616983
0.00013325070904102176
0.00013322201266419142
0.000133192355860956
0.00013316304830368608
0.0001331334642600268
0.00013310485519468784
0.00013307525659911335
0.00013304597814567387
0.00013301792205311358
0.0001329887454630807
0.00013296010729391128
0.00013293001393321902
0.00013290146307554096
0.00013287215551827103
0.00013284303713589907
0.0001328145299339667
0.0001327853387920186
0.00013275700621306896
0.00013272801879793406
0.00013269911869429052
0.00013267082977108657
0.00013264179870020598
0.0001326139463344589
0.0001325848134001717
0.00013255594240035862
0.0001325274060945958
0.00013249967014417052
0.00013247111928649247
0.00013244239380583167
0.0001324137265328318
0.0001323856267845258
0.0001323575561400503
0.00013232948549557477
0.0001323009782936424
0.00013227277668192983
0.00013224432768765837
0.00013221637345850468
0.0001321884774370119
0.00013216055231168866
0.00013213140482548624
0.00013210366887506098
0.00013207565643824637
0.00013204777496866882
0.00013202015543356538
0.00013199237582739443
0.00013196447980590165
0.00013193616177886724
0.00013190889148972929
0.00013188082084525377
0.00013185321586206555
0.00013182534894440323
0.00013179730740375817
0.00013177019718568772
0.00013174235937185585
0.00013171489990781993
0.00013168690202292055
0.00013165945711079985
0.00013163268158677965
0.00013160430535208434
0.0001315773552050814
0.0001315496483584866
0.00013152239262126386
0.00013149529695510864
0.00013146812852937728
0.00013144075637683272
0.0001314130931859836
0.00013138572103343904
0.0001313588727498427
0.0001313324028160423
0.0001313043903792277
0.0001312773529207334
0.00013124983524903655
0.00013122329255566
0.00013119577488396317
0.0001311693777097389
0.0001311422820435837
0.00013111537555232644
0.00013108876009937376
0.00013106170808896422
0.00013103459787089378
0.00013100780779495835
0.00013098088675178587
0.00013095460599288344
0.00013092720473650843
0.00013090104039292783
0.00013087420666124672
0.00013084799866192043
0.00013082129589747638
0.00013079408381599933
0.0001307684724451974
0.00013074146409053355
0.0001307148631894961
0.00013068814587313682
0.00013066206884104759
0.00013063556980341673
0.00013060909986961633
0.00013058283366262913
0.00013055642193648964
0.00013053011207375675
0.0001305042824242264
0.00013047776883468032
0.00013045161904301494
0.00013042551290709525
0.00013039885379839689
0.00013037309690844268
0.00013034729636274278
0.00013032133574597538
0.00013029422552790493
0.000130268614157103
0.00013024262443650514
0.000130216489196755
0.00013019073230680078
0.00013016531011089683
0.0001301392330788076
0.00013011311239097267
0.000130087835714221
0.00013006188964936882
0.00013003639469388872
0.00013001040497329086
0.00012998409511055797
0.00012995848373975605
0.00012993269774597138
0.00012990745017305017
0.00012988178059458733
0.00012985612556803972
0.0001298307761317119
0.00012980542669538409
0.00012978012091480196
0.0001297543931286782
0.00012972851982340217
0.000129703403217718
0.00012967802467755973
0.00012965191854164004
0.00012962760229129344
0.000129601830849424
0.0001295765832765028
0.0001295511465286836
0.00012952643737662584
0.0001295011752517894
0.0001294754329137504
0.00012945052003487945
0.00012942560715600848
0.00012940034503117204
0.00012937535939272493
0.00012935037375427783
0.00012932540266774595
0.00012930022785440087
0.00012927486386615783
0.0001292502274736762
0.0001292253436986357
0.00012920012522954494
0.00012917545973323286
0.00012915027036797255
0.0001291259832214564
0.0001291007356485352
0.0001290765794692561
0.00012905106996186078
0.0001290268119191751
0.0001290024956688285
0.00012897701526526362
0.0001289523352170363
0.00012892790255136788
0.00012890336802229285
0.0001288789790123701
0.0001288544590352103
0.00012882958981208503
0.00012880538997706026
0.00012878085544798523
0.00012875613174401224
0.0001287318009417504
0.0001287073246203363
0.00012868268822785467
0.0001286586484638974
0.000128634535940364
0.00012860953575000167
0.0001285860053030774
0.00012856173270847648
0.00012853708176407963
0.00012851280916947871
0.0001284889440285042
0.0001284648315049708
0.00012844052980653942
0.00012841603893321007
0.00012839247938245535
0.00012836832320317626
0.00012834439985454082
0.0001283204328501597
0.00012829629122279584
0.00012827254249714315
0.00012824803707189858
0.0001282237790292129
0.00012820014671888202
0.00012817629612982273
0.00012815260561183095
0.00012812828936148435
0.00012810448242817074
0.0001280811702599749
0.00012805702863261104
0.00012803332356270403
0.00012800973490811884
0.00012798608804587275
0.00012796248483937234
0.0001279391726711765
0.0001279149146284908
0.0001278911659028381
0.00012786805746145546
0.00012784413411282003
0.00012782039993908256
0.00012779700045939535
0.0001277734845643863
0.0001277507544727996
0.0001277263363590464
0.0001277028932236135
0.00012768009037245065
0.0001276563125429675
0.00012763301492668688
0.00012760951358359307
0.00012758643424604088
0.00012756280193571
0.00012753983901347965
0.00012751681788358837
0.00012749331654049456
0.00012746985885314643
0.00012744682317133993
0.00012742319086100906
0.00012740025704260916
0.00012737762881442904
0.00012735465134028345
0.00012733125186059624
0.0001273079396924004
0.00012728503497783095
0.00012726204295177013
0.00012723906547762454
0.00012721592793241143
0.00012719335791189224
0.0001271699002245441
0.00012714725744444877
0.00012712457100860775
0.00012710137525573373
0.00012707829591818154
0.00012705566769000143
0.0001270330249099061
0.0001270097855012864
0.00012698743375949562
0.00012696482008323073
0.0001269418717129156
0.00012691933079622686
0.00012689655704889446
0.00012687382695730776
0.00012685105320997536
0.00012682822125498205
0.00012680595682468265
0.00012678328494075686
0.0001267606276087463
0.00012673874152824283
0.00012671570584643632
0.00012669290299527347
0.00012667053670156747
0.00012664766109082848
0.00012662552762776613
0.0001266036560991779
0.0001265804166905582
0.00012655802129302174
0.0001265358878299594
0.00012651395809371024
0.00012649167911149561
0.00012646916729863733
0.00012644659727811813
0.00012642444926314056
0.00012640202476177365
0.0001263799931621179
0.00012635764142032713
0.00012633547885343432
0.00012631333083845675
0.00012629137199837714
0.0001262685254914686
0.00012624685768969357
0.0001262250734725967
0.00012620253255590796
0.0001261810539290309
0.00012615861487574875
0.00012613674334716052
0.0001261143188457936
0.00012609284021891654
0.00012607059034053236
0.00012604828225448728
0.000126026599900797
0.0001260044809896499
0.00012598295870702714
0.00012596143642440438
0.00012593940482474864
0.00012591744598466903
0.00012589569087140262
0.00012587396486196667
0.00012585216609295458
0.00012583033822011203
0.00012580843758769333
0.0001257866679225117
0.00012576492736116052
0.0001257435797015205
0.00012572140258271247
0.00012570044782478362
0.00012567861995194107
0.00012565733049996197
0.00012563532800413668
0.0001256141549674794
0.0001255918323295191
0.00012557061563711613
0.00012554952991195023
0.0001255270908586681
0.00012550609244499356
0.00012548449740279466
0.0001254634844372049
0.00012544218043331057
0.0001254209055332467
0.00012539932504296303
0.0001253778173122555
0.00012535620771814138
0.00012533512199297547
0.00012531387619674206
0.0001252923539141193
0.00012527097715064883
0.00012524962949100882
0.00012522871838882565
0.00012520734162535518
0.00012518660514615476
0.00012516442802734673
0.00012514366244431585
0.0001251231733476743
0.00012510175292845815
0.0001250797649845481
0.00012505929043982178
0.00012503779726102948
0.0001250169734703377
0.00012499619333539158
0.00012497504940256476
0.00012495409464463592
0.0001249331107828766
0.00012491218512877822
0.0001248908811248839
0.0001248697517439723
0.0001248488260898739
0.0001248280896106735
0.00012480697478167713
0.00012478606367949396
0.00012476573465391994
0.00012474485265556723
0.0001247238542418927
0.00012470332148950547
0.00012468206114135683
0.00012466104817576706
0.00012464025348890573
0.00012461958976928145
0.00012459878053050488
0.00012457802949938923
0.00012455742398742586
0.00012453660019673407
0.000124516140203923
0.00012449549103621393
0.00012447503104340285
0.00012445441097952425
0.00012443411105778068
0.00012441285070963204
0.00012439233250916004
0.00012437213445082307
0.00012435145617928356
0.00012433087977115065
0.00012430998322088271
0.00012429014896042645
0.0001242692378582433
0.00012424876331351697
0.00012422910367604345
0.00012420781422406435
0.00012418755795806646
0.00012416734534781426
0.0001241471036337316
0.00012412625073920935
0.0001241065183421597
0.0001240857527591288
0.00012406587484292686
0.00012404541485011578
0.00012402469292283058
0.00012400466948747635
0.0001239841221831739
0.00012396392412483692
0.00012394382792990655
0.0001239240518771112
0.0001239030243596062
0.00012388336472213268
0.0001238629047293216
0.00012384328874759376
0.0001238229451701045
0.00012380280531942844
0.0001237827236764133
0.00012376239465083927
0.00012374272046145052
0.0001237228570971638
0.0001237019314430654
0.00012368227180559188
0.00012366235023364425
0.00012364264694042504
0.0001236222597071901
0.00012360243999864906
0.00012358275125734508
0.0001235630625160411
0.0001235423842445016
0.00012352244812063873
0.00012350296310614794
0.00012348269228823483
0.00012346291623543948
0.000123443387565203
0.0001234230730915442
0.000123403879115358
0.00012338416127022356
0.0001233643270097673
0.0001233439688803628
0.00012332515325397253
0.00012330463505350053
0.00012328563025221229
0.00012326499563641846
0.00012324555427767336
0.0001232257200172171
0.00012320665700826794
0.00012318619701545686
0.00012316741049289703
0.00012314729974605143
0.0001231279456987977
0.00012310847523622215
0.0001230881898663938
0.0001230686902999878
0.00012304964184295386
0.00012302989489398897
0.00012301064271014184
0.0001229910849360749
0.00012297129433136433
0.00012295150372665375
0.000122932338854298
0.00012291301391087472
0.00012289354344829917
0.00012287405843380839
0.00012285473349038512
0.00012283475371077657
0.00012281596718821675
0.000122796292998828
0.00012277688074391335
0.00012275786139070988
0.00012273801257833838
0.00012271942978259176
0.00012269994476810098
0.0001226804597536102
0.0001226614840561524
0.00012264220276847482
0.00012262255768291652
0.00012260401854291558
0.00012258431524969637
0.00012256526679266244
0.00012254600005690008
0.00012252648593857884
0.00012250771396793425
0.00012248831626493484
0.00012246897676959634
0.00012245045218151063
0.00012243074888829142
0.00012241174408700317
0.00012239269562996924
0.00012237347254995257
0.00012235499161761254
0.00012233524466864765
0.00012231693835929036
0.00012229796266183257
0.00012227891420479864
0.00012225922546349466
0.00012224091915413737
0.00012222166697029024
0.00012220295320730656
0.00012218402116559446
0.0001221652200911194
0.00012214601156301796
0.00012212728324811906
0.00012210787099320441
0.00012208920088596642
0.0001220705744344741
0.00012205146049382165
0.00012203262303955853
0.00012201385106891394
0.0001219948535435833
0.00012197646719869226
0.00012195727322250605
0.00012193873408250511
0.00012191997666377574
0.00012190135021228343
0.0001218823526869528
0.00012186380627099425
0.00012184520892333239
0.00012182672071503475
0.00012180772318970412
0.00012178922042949125
0.00012177039752714336
0.00012175193114671856
0.00012173257709946483
0.00012171473645139486
0.00012169614637969062
0.00012167719978606328
0.0001216583332279697
0.00012163988867541775
0.00012162129860371351
0.0001216027230839245
0.00012158459867350757
0.00012156549200881273
0.000121547062008176
0.0001215287993545644
0.00012151118426118046
0.00012149216490797698
0.00012147333472967148
0.00012145561777288094
0.00012143623462179676
0.00012141752813477069
0.00012139987666159868
0.00012138138117734343
0.00012136309669585899
0.00012134432472521439
0.00012132611300330609
0.00012130849063396454
0.00012129011156503111
0.00012127155059715733
0.00012125304783694446
0.00012123481428716332
0.00012121617328375578
0.00012119820894440636
0.00012117953156121075
0.00012116227298974991
0.00012114333367208019
0.00012112457625335082
0.0001211071212310344
0.00012108837836422026
0.00012107002839911729
0.00012105237692594528
0.00012103402696084231
0.0001210161717608571
0.00012099750892957672
0.00012097961007384583
0.00012096170394215733
0.00012094365956727415
0.0001209254187415354
0.00012090728705516085
0.00012088909716112539
0.00012087111099390313
0.00012085265916539356
0.00012083521141903475
0.0001208168177981861
0.00012079915177309886
0.00012078106374247
0.00012076251005055383
0.00012074479309376329
0.0001207273016916588
0.00012070899538230151
0.00012069101649103686
0.0001206731831189245
0.00012065521877957508
0.00012063760368619114
0.00012061944289598614
0.00012060124572599307
0.00012058392894687131
0.0001205656080855988
0.00012054765102220699
0.00012053024693159387
0.0001205119478981942
0.00012049407814629376
0.00012047644850099459
0.00012045841867802665
0.00012044113100273535
0.00012042348680552095
0.00012040567526128143
0.00012038767454214394
0.00012036988482577726
0.00012035208783345297
0.00012033421080559492
0.00012031669757561758
0.00012029945355607197
0.00012028114724671468
0.00012026337208226323
0.00012024566240143031
0.00012022827286273241
0.00012021033035125583
0.00012019269342999905
0.00012017513654427603
0.00012015792162856087
0.00012014001549687237
0.000120122691441793
0.00012010512728011236
0.00012008754856651649
0.00012006991164525971
0.00012005143071291968
0.00012003484152955934
0.0001200170663651079
0.0001199999387608841
0.00011998193804174662
0.00011996452667517588
0.00011994660599157214
0.00011992946383543313
0.00011991202336503193
0.00011989454651484266
0.00011987757898168638
0.00011985981836915016
0.00011984172306256369
0.0001198248501168564
0.00011980734416283667
0.00011978994007222354
0.00011977267422480509
0.00011975514644291252
0.00011973796790698543
0.00011972011270700023
0.00011970308696618304
0.00011968608305323869
0.00011966847523581237
0.0001196512021124363
0.00011963397264480591
0.0001196164230350405
0.0001195993390865624
0.00011958186223637313
0.00011956458183703944
0.00011954713409068063
0.00011952967179240659
0.00011951294436585158
0.00011949615873163566
0.00011947893653996289
0.00011946121230721474
0.0001194444703287445
0.00011942702258238569
0.00011940983677050099
0.00011939305113628507
0.00011937494127778336
0.00011935827205888927
0.00011934122449019924
0.00011932360212085769
0.00011930648179259151
0.00011928991443710402
0.00011927188461413607
0.00011925516446353868
0.00011923826241400093
0.00011922137491637841
0.0001192036215797998
0.00011918753443751484
0.00011917015217477456
0.00011915340292034671
0.00011913603520952165
0.00011911976616829634
0.00011910213652299717
0.00011908551823580638
0.00011906871077371761
0.00011905149585800245
0.00011903434642590582
0.0001190176117233932
0.00011899988749064505
0.00011898384400410578
0.00011896643991349265
0.00011894978524651378
0.00011893246846739203
0.00011891589383594692
0.00011889886809512973
0.00011888227163581178
0.00011886476568179205
0.00011884818377438933
0.00011883173283422366
0.0001188142123282887
0.00011879813973791897
0.00011878096120199189
0.00011876431381097063
0.00011874696792801842
0.0001187310044770129
0.00011871395690832287
0.00011869728041347116
0.00011868050205521286
0.00011866383283631876
0.00011864679254358634
0.00011862971587106586
0.0001186135777970776
0.00011859682854264975
0.00011858010111609474
0.00011856338824145496
0.00011854666081489995
0.0001185297587653622
0.0001185128785436973
0.00011849628936033696
0.00011847967834910378
0.00011846266716020182
0.00011844604887301102
0.00011843001993838698
0.00011841291416203603
0.00011839716898975894
0.00011838041973533109
0.00011836337216664106
0.00011834715405711904
0.00011833034659503028
0.00011831401207018644
0.00011829743016278371
0.00011828089191112667
0.00011826477566501126
0.0001182473570224829
0.00011823113163700327
0.00011821466614492238
0.00011819809151347727
0.00011818116036010906
0.00011816552432719618
0.00011814858589787036
0.00011813209857791662
0.00011811589502030984
0.00011809941497631371
0.0001180826366180554
0.00011806658585555851
0.00011805053509306163
0.00011803342931671068
0.00011801708023995161
0.00011800078209489584
0.00011798452032962814
0.00011796802573371679
0.00011795190221164376
0.00011793476733146235
0.00011791925498982891
0.00011790281860157847
0.0001178864185931161
0.00011787004041252658
0.00011785362585214898
0.00011783759691752493
0.00011782081128330901
0.00011780456406995654
0.0001177884842036292
0.00011777230974985287
0.00011775609164033085
0.00011773943697335199
0.0001177233352791518
0.00011770708806579933
0.0001176909645437263
0.00011767513933591545
0.00011765876115532592
0.00011764251394197345
0.00011762640497181565
0.00011760991037590429
0.00011759407789213583
0.00011757788888644427
0.00011756129242712632
0.00011754540901165456
0.00011752924910979345
0.00011751343117794022
0.0001174969002022408
0.0001174809003714472
0.00011746480595320463
0.00011744862422347069
0.00011743229697458446
0.00011741617345251143
0.00011740026820916682
0.00011738437024177983
0.00011736803571693599
0.00011735204316210002
0.00011733575956895947
0.00011731981066986918
0.00011730359983630478
0.00011728817480616271
0.00011727199307642877
0.00011725597141776234
0.00011724046635208651
0.00011722378258127719
0.00011720819748006761
0.00011719175381585956
0.00011717598681570962
0.00011716003791661933
0.0001171439653262496
0.00011712844570865855
0.0001171122639789246
0.00011709624959621578
0.00011708026431733742
0.00011706478835549206
0.00011704851931426674
0.00011703266500262544
0.00011701671610353515
0.00011700124741764739
0.0001169847819255665
0.00011696875299094245
0.00011695399007294327
0.00011693780106725171
0.00011692090629367158
0.00011690563405863941
0.00011688955419231206
0.0001168734670500271
0.00011685856588883325
0.00011684238415909931
0.00011682668991852552
0.00011681117757689208
0.00011679529416142032
0.00011677983275149018
0.00011676373105728999
0.00011674789857352152
0.00011673209519358352
0.00011671658285195008
0.00011670075036818162
0.00011668507067952305
0.00011666926002362743
0.00011665340571198612
0.00011663727491395548
0.00011662207543849945
0.00011660630843834952
0.00011659109441097826
0.00011657499271677807
0.00011655920388875529
0.00011654372792690992
0.00011652785906335339
0.00011651273962343112
0.00011649646330624819
0.00011648167128441855
0.00011646581697277725
0.00011645013000816107
0.00011643449397524819
0.0001164188506663777
0.0001164034620160237
0.00011638733121799305
0.0001163720662589185
0.00011635613918770105
0.00011634160182438791
0.00011632582027232274
0.00011631007510004565
0.00011629467189777642
0.00011627883941400796
0.00011626331979641691
0.00011624795297393575
0.00011623230966506526
0.00011621665180427954
0.00011620137956924736
0.00011618599091889337
0.00011617102427408099
0.00011615522089414299
0.00011613975220825523
0.00011612435628194362
0.00011610827641561627
0.00011609301145654172
0.0001160776664619334
0.00011606259067775682
0.00011604653991525993
0.0001160315950983204
0.0001160158499260433
0.00011600080324569717
0.0001159857347374782
0.00011597049160627648
0.00011595448449952528
0.00011593865201575682
0.00011592368537094444
0.00011590884969336912
0.00011589336645556614
0.00011587782501010224
0.00011586250911932439
0.00011584650201257318
0.00011583176819840446
0.0001158164013759233
0.00011580102000152692
0.00011578641715459526
0.00011577101395232603
0.00011575555254239589
0.00011574062227737159
0.00011572504445211962
0.00011571001959964633
0.00011569434718694538
0.000115679380542133
0.00011566405737539753
0.0001156485959654674
0.00011563317821128294
0.00011561830615391955
0.00011560360144358128
0.00011558784171938896
0.00011557299148989841
0.00011555760283954442
0.00011554223601706326
0.00011552731302799657
0.00011551245552254841
0.00011549711780389771
0.00011548214388312772
0.00011546667519723997
0.00011545231245690957
0.00011543602886376902
0.00011542150605237111
0.0001154059573309496
0.00011539076513145119
0.0001153758421423845
0.00011536072997841984
0.00011534601799212396
0.00011532999633345753
0.00011531585187185556
0.00011530047777341679
0.00011528527829796076
0.00011527058086358011
0.00011525535956025124
0.00011524048750288785
0.00011522529530338943
0.00011521023407112807
0.00011519531108206138
0.00011518058454385027
0.0001151648466475308
0.00011515019286889583
0.0001151353499153629
0.00011512036871863529
0.00011510503099998459
0.000115090464532841
0.00011507529416121542
0.0001150605094153434
0.00011504539725137874
0.0001150304960901849
0.0001150156240328215
0.00011500056280056015
0.00011498519597807899
0.00011497081868583336
0.00011495588842080906
0.00011494060163386166
0.00011492599151097238
0.00011491121404105797
0.00011489653115859255
0.00011488167365314439
0.00011486653238534927
0.000114851412945427
0.00011483633716125041
0.0001148217634181492
0.00011480716784717515
0.00011479222303023562
0.00011477727821329609
0.00011476262443466112
0.0001147478396887891
0.00011473306221887469
0.00011471821198938414
0.0001147030561696738
0.0001146887443610467
0.00011467328295111656
0.00011465924035292119
0.0001146442155004479
0.00011462962720543146
0.00011461442045401782
0.00011459991219453514
0.00011458544031484053
0.0001145708083640784
0.00011455589265096933
0.00011454044579295442
0.00011452608305262402
0.00011451150930952281
0.00011449675366748124
0.0001144827256212011
0.00011446736607467756
0.00011445272684795782
0.0001144375346484594
0.00011442352115409449
0.00011440915841376409
0.00011439441732363775
0.00011437923240009695
0.0001143652552855201
0.00011434977932367474
0.00011433523468440399
0.00011432065366534516
0.0001143064655479975
0.00011429150617914274
0.00011427636491134763
0.00011426232958910987
0.00011424766125855967
0.00011423342220950872
0.00011421889212215319
0.00011420375085435808
0.00011418938811402768
0.00011417463247198611
0.00011416052439017221
0.00011414602340664715
0.00011413135507609695
0.00011411642481107265
0.00011410211300244555
0.00011408745194785297
0.00011407289275666699
0.00011405879922676831
0.00011404383985791355
0.00011402958625694737
0.00011401476513128728
0.00011399996583350003
0.00011398563219700009
0.00011397175694582984
0.00011395682668080553
0.00011394290049793199
0.0001139281812356785
0.00011391352018108591
0.00011389907740522176
0.00011388465645723045
0.00011387027916498482
0.00011385649122530594
0.00011384149547666311
0.00011382698721718043
0.00011381210788385943
0.00011379801435396075
0.00011378333874745294
0.00011376935435691848
0.00011375472240615636
0.00011374002497177571
0.00011372651351848617
0.00011371152504580095
0.00011369722778908908
0.00011368392006261274
0.00011366850230842829
0.00011365439422661439
0.0001136402934207581
0.00011362539225956425
0.00011361094220774248
0.00011359714699210599
0.00011358279880369082
0.00011356866161804646
0.00011355448805261403
0.00011353966692695394
0.00011352529691066593
0.00011351086141075939
0.00011349721171427518
0.00011348268890287727
0.00011346820247126743
0.00011345394159434363
0.00011343952064635232
0.00011342511425027624
0.00011341163917677477
0.00011339710908941925
0.00011338276817696169
0.00011336869647493586
0.0001133540936280042
0.00011334031296428293
0.00011332570284139365
0.00011331174027873203
0.00011329733388265595
0.00011328341497574002
0.00011326940875733271
0.00011325490049785003
0.00011324073420837522
0.00011322680802550167
0.0001132124598370865
0.00011319822078803554
0.0001131837343564257
0.00011316949530737475
0.00011315570009173825
0.00011314165021758527
0.00011312723654555157
0.00011311296839267015
0.0001130992968683131
0.00011308505781926215
0.00011307106615277007
0.00011305663065286353
0.00011304334475426003
0.00011302856728434563
0.00011301406630082056
0.00011300040932837874
0.00011298619938315824
0.00011297190940240398
0.00011295799049548805
0.00011294435535091907
0.00011293018178548664
0.00011291617556707934
0.0001129021038650535
0.00011288767564110458
0.0001128741423599422
0.00011285965592833236
0.00011284589709248394
0.00011283117783023044
0.00011281791375949979
0.00011280406761216
0.00011278968304395676
0.00011277583689661697
0.00011276162695139647
0.0001127477953559719
0.00011273381096543744
0.00011272007395746186
0.00011270611139480025
0.00011269220703979954
0.00011267801892245188
0.00011266410001553595
0.00011264983913861215
0.00011263632768532261
0.00011262224870733917
0.00011260829342063516
0.0001125942580983974
0.00011258032463956624
0.00011256623110966757
0.00011255254503339529
0.00011253877164563164
0.00011252513650106266
0.0001125110502471216
0.00011249716771999374
0.00011248328519286588
0.00011246903159189969
0.00011245530913583934
0.00011244144843658432
0.0001124278933275491
0.00011241406900808215
0.00011240004823775962
0.00011238642764510587
0.00011237262515351176
0.0001123587935580872
0.00011234431440243497
0.00011233097757212818
0.00011231695680180565
0.00011230343079660088
0.00011228932271478698
0.0001122757385019213
0.0001122618923545815
0.00011224757326999679
0.00011223387264180928
0.00011222065222682431
0.00011220733722439036
0.00011219287989661098
0.00011217874271096662
0.0001121655004681088
0.00011215143604204059
0.00011213799734832719
0.00011212403478566557
0.00011211037781322375
0.00011209657532162964
0.000112082801933866
0.00011206902854610234
0.00011205536429770291
0.00011204132169950753
0.00011202802852494642
0.00011201425513718277
0.00011200091830687597
0.00011198654829058796
0.00011197322601219639
0.00011195952538400888
0.00011194626858923584
0.00011193195678060874
0.00011191835801582783
0.00011190549412276596
0.00011189145152457058
0.00011187772906851023
0.00011186399206053466
0.00011185040057171136
0.00011183669266756624
0.00011182334128534421
0.00011180972796864808
0.00011179601278854534
0.0001117825522669591
0.0001117688007070683
0.0001117550054914318
0.00011174131213920191
0.00011172805534442887
0.00011171393271069974
0.00011170086509082466
0.00011168714263476431
0.00011167381308041513
0.00011165978503413498
0.00011164668831042945
0.00011163334420416504
0.00011161954171257094
0.00011160592111991718
0.00011159206769661978
0.00011157891276525334
0.00011156495020259172
0.00011155175161547959
0.00011153808736708015
0.0001115249251597561
0.0001115111808758229
0.00011149752390338108
0.00011148380144732073
0.00011147068289574236
0.00011145760072395205
0.00011144344898639247
0.00011143038864247501
0.00011141703726025298
0.00011140272545162588
0.00011139005073346198
0.00011137645196868107
0.00011136285320390016
0.00011134961823699996
0.00011133604130009189
0.00011132253712275997
0.00011130917118862271
0.0001112952595576644
0.00011128257756354287
0.00011126917524961755
0.00011125540913781151
0.0001112420140998438
0.0001112285244744271
0.00011121543502667919
0.00011120147973997518
0.00011118851398350671
0.00011117497342638671
0.0001111618839786388
0.00011114869266748428
0.0001111350575229153
0.00011112169158877805
0.00011110820923931897
0.00011109526531072333
0.00011108137550763786
0.00011106830788776278
0.00011105508747277781
0.00011104200530098751
0.00011102839926024899
0.00011101507698185742
0.000111001318146009
0.0001109884397010319
0.0001109743898268789
0.00011096213711425662
0.0001109485820052214
0.00011093515786342323
0.00011092179920524359
0.00011090855696238577
0.00011089534382335842
0.0001108817377826199
0.00011086914309998974
0.00011085513688158244
0.00011084226571256295
0.00011082897981395945
0.00011081538104917854
0.00011080246622441337
0.00011078934767283499
0.0001107756543206051
0.00011076314694946632
0.00011074881331296638
0.00011073629138991237
0.00011072301276726648
0.0001107099888031371
0.00011069673200836405
0.00011068350431742147
0.0001106698255171068
0.00011065744183724746
0.00011064345017075539
0.00011063080455642194
0.00011061756231356412
0.00011060432734666392
0.00011059094686061144
0.00011057781375711784
0.0001105649716919288
0.0001105514238588512
0.00011053891648771241
0.00011052539775846526
0.00011051209003198892
0.00011049912427552044
0.00011048586020478979
0.00011047304724343121
0.0001104594484786503
0.00011044664279324934
0.00011043373524444178
0.00011042079859180376
0.00011040726531064138
0.00011039417586289346
0.00011038055527023971
0.00011036801879527047
0.00011035498027922586
0.00011034190538339317
0.00011032854672521353
0.00011031540634576231
0.00011030253517674282
0.00011028957669623196
0.000110276261693798
0.00011026381253032014
0.0001102500973502174
0.00011023700790246949
0.0001102240858017467
0.00011021114187315106
0.00011019827070413157
0.00011018483928637579
0.00011017201177310199
0.00011015931522706524
0.00011014602205250412
0.0001101329835364595
0.00011012043250957504
0.00011010751768480986
0.00011009437002940103
0.00011008066940121353
0.00011006813292624429
0.0001100553636206314
0.00011004208499798551
0.00011002896644640714
0.00011001621169270948
0.00011000321683241054
0.0001099905712180771
0.00010997702338499948
0.00010996421769959852
0.00010995128832291812
0.00010993870091624558
0.000109925473225303
0.00010991249291691929
0.00010989990551024675
0.00010988677240675315
0.00010987385758198798
0.00010986134293489158
0.00010984794789692387
0.00010983499669237062
0.00010982240928569809
0.0001098090797313489
0.00010979621583828703
0.00010978356294799596
0.00010977089550578967
0.00010975741315633059
0.00010974498582072556
0.00010973155440296978
0.0001097189961001277
0.00010970627045026049
0.00010969363211188465
0.00010968063725158572
0.00010966782429022714
0.0001096549749490805
0.00010964238026645035
0.00010962934175040573
0.00010961651423713192
0.00010960414510918781
0.0001095911065931432
0.00010957789345411584
0.00010956534970318899
0.00010955272591672838
0.00010953990567941219
0.00010952699085464701
0.00010951422154903412
0.00010950106661766768
0.0001094884573831223
0.00010947577538900077
0.00010946297697955742
0.00010944995301542804
0.00010943770757876337
0.00010942481458187103
0.00010941189975710586
0.000109399356006179
0.00010938663763226941
0.0001093738610506989
0.0001093606260837987
0.00010934845340671018
0.00010933550220215693
0.00010932273289654404
0.00010931031283689663
0.00010929717245744541
0.0001092847014660947
0.00010927215771516785
0.00010925954848062247
0.00010924633534159511
0.00010923359513981268
0.00010922089859377593
0.0001092082165996544
0.00010919548367382959
0.0001091831290978007
0.00010917022882495075
