0.0096997805
-0.0996308
0.0147062205
-0.1995923
0.010446139
-0.2998675
-0.006488737
-0.39995006
-0.039536618
-0.49863628
-0.09487652
-0.5933817
-0.099783614
-0.008261168
-0.19984293
-0.013715318
-0.3002278
-0.014129563
-0.40058708
-0.008109702
-0.5002939
0.0047682323
-0.019276138
0.09832694
-0.029088665
0.1978017
-0.021504253
0.29888928
0.010103521
0.40015963
0.07395013
0.49689493
0.18414973
0.5778991
0.09834082
0.016566753
0.19763942
0.027683979
0.29827386
0.028622184
0.39960822
0.016415276
0.49974778
-0.009603658
0.028745713
-0.096495986
0.043629527
-0.19577989
0.031981908
-0.29820663
-0.016648805
-0.3999529
-0.113556236
-0.49037018
-0.27514082
-0.54629415
-0.09646488
-0.024516646
-0.19510089
-0.040849384
-0.29674476
-0.042236086
-0.39979234
-0.024288697
-0.49978852
0.014276021
-0.037972555
0.09350585
-0.057750758
0.19165975
-0.043050755
0.2959111
0.020356992
0.40041566
0.14883952
0.48592913
0.36156586
0.5097522
0.09342288
0.032588523
0.19063967
0.054750253
0.2931458
0.05693105
0.3984419
0.03274923
0.49899617
-0.019149983
0.046909094
-0.09025647
0.07189869
-0.18802753
0.05359691
-0.2946576
-0.027028669
-0.40004355
-0.18844604
-0.47399905
-0.44306618
-0.45735946
-0.08995033
-0.039981805
-0.18578716
-0.06709666
-0.28988504
-0.06988843
-0.39822227
-0.040346444
-0.49878672
0.02369841
-0.055512764
0.085699126
-0.08554282
0.18169577
-0.06467869
0.29104555
0.030904124
0.40075606
0.22489218
0.46595374
0.5203149
0.4021921
0.08542523
0.04753948
0.17924036
0.08059205
0.28476408
0.08461846
0.39652967
0.04892184
0.49775872
-0.028584136
0.06362548
-0.08111093
0.09904764
-0.1764664
0.07531741
-0.28918627
-0.037772935
-0.40020308
-0.26408926
-0.44839603
-0.58738154
-0.3380911
-0.080478005
-0.05415512
-0.17222601
-0.09188627
-0.27985406
-0.09679472
-0.39591473
-0.0562049
-0.49730814
0.032979418
-0.07134146
0.0751645
-0.11198695
0.16810507
-0.08640518
0.28426254
0.04189119
0.40115863
0.3013724
0.43567726
0.6487608
0.27183494
0.07463323
0.060925853
0.16381569
0.104628555
0.27336344
0.11138719
0.39391595
0.06485643
0.49605894
-0.03785053
0.07835882
-0.06935215
0.12457574
-0.16130693
0.097141914
-0.2817488
-0.049028847
-0.40040144
-0.3393531
-0.41260588
-0.6971156
-0.20475145
-0.06838631
-0.066575214
-0.15486392
-0.11467559
-0.26693887
-0.1226773
-0.3929262
-0.071789876
-0.4953792
0.042065404
-0.08494096
0.062244624
-0.13656808
0.15115373
-0.108215384
0.2755258
0.05346886
0.4015893
0.37643808
0.3944233
0.73668694
0.13560757
0.061422553
0.07230669
0.14484353
0.12631786
0.25925046
0.13695559
0.3906638
0.08047977
0.4939279
-0.046896897
0.09062177
-0.055360872
0.14794706
-0.14283966
0.1190295
-0.27229908
-0.060949933
-0.40059602
-0.41211236
-0.36655185
-0.7593423
-0.06848039
-0.05409411
-0.07683397
-0.13422884
-0.13496321
-0.2514897
-0.14727953
-0.38932768
-0.08703126
-0.4930359
0.050904356
-0.09584856
0.047354877
-0.15873806
0.13117757
-0.13005175
0.26480186
0.06579509
0.40199938
0.44744232
0.34280455
0.76933986
0.00044574574
0.046240356
0.08130622
0.122866824
0.1451727
0.24278277
0.1610644
0.38684908
0.09572371
0.49140337
-0.05567224
0.09999397
-0.03958766
0.16860616
-0.121431984
0.14089085
-0.26079798
-0.07369606
-0.40072823
-0.47967306
-0.31141713
-0.7595594
0.067579396
-0.038082145
-0.08459137
-0.110892385
-0.15230204
-0.2338944
-0.17036776
-0.38520488
-0.10186528
-0.49031922
0.05944697
-0.10368068
0.030970896
-0.17793497
0.108575724
-0.15180491
0.25207037
0.07903543
0.40232283
0.5115686
0.28282475
0.7371034
-0.13470796
0.029586684
0.08762911
0.09845851
0.16077514
0.22434726
0.18348162
0.38256136
0.110525474
0.48852962
-0.064128935
0.10614587
-0.022542052
0.18600486
-0.09752135
0.16258201
-0.24722292
-0.087432474
-0.40072042
-0.5393181
-0.24936996
-0.69770145
0.20385186
-0.020871732
-0.08958725
-0.08543239
-0.16630904
-0.21455474
-0.19173838
-0.38065517
-0.116232894
-0.4872756
0.06764735
-0.108153515
0.013612031
-0.19361506
0.08380194
-0.17331055
0.23732954
0.093359664
0.40246964
0.56627744
0.21721432
0.6494888
-0.270939
0.011995801
0.09106894
0.07219013
0.17278677
0.2043366
0.20401032
0.37790078
0.12482821
0.48535493
-0.0722225
0.10885554
-0.0047723604
0.1996371
-0.07160053
0.18390071
-0.23157774
-0.10233028
-0.40046895
-0.58849084
-0.18278761
-0.5882333
0.3372386
-0.0030121377
-0.091649875
-0.058410555
-0.17667626
-0.19386145
-0.2112207
-0.37578523
-0.1300809
-0.48395613
0.07546361
-0.10910162
-0.004175049
-0.2052911
0.057353225
-0.19434462
0.22060812
0.10894407
0.40232182
0.6091472
0.1484737
0.5212754
-0.40138316
-0.005976408
0.09151611
0.04461272
0.180957
0.1831254
0.22249487
0.3729752
0.1385789
0.48193052
-0.079911895
0.108023964
0.013150296
0.2090761
-0.044206124
0.204589
-0.21390161
-0.118564025
-0.39984104
-0.6245279
-0.11359712
-0.44411144
0.45665273
0.014935995
-0.09070605
-0.030359909
-0.18317397
-0.17217284
-0.22868331
-0.3707086
-0.143361
-0.480413
0.08285676
-0.10648985
-0.021830702
-0.21257362
0.029759591
-0.21462816
0.20196906
0.12596709
0.40172637
0.6374926
0.07830389
0.36269188
-0.5091571
-0.023767574
0.088962175
0.016250724
0.18512274
0.16105407
0.23882395
0.3678994
0.15173161
0.4783094
-0.08716008
0.10368205
0.030651309
0.2140102
-0.015902923
0.22433913
-0.19427352
-0.13630697
-0.39866698
-0.6446114
-0.043099597
-0.27630356
0.5458364
0.032410044
-0.08678119
-0.0017898389
-0.18565468
-0.1498011
-0.24403171
-0.3655443
-0.15603113
-0.47669896
0.089792386
-0.10041553
-0.038799692
-0.2152079
0.0015725698
-0.23383448
0.18151137
0.14460182
0.4004882
0.64869124
0.007620933
0.18535647
-0.57759833
-0.040817145
0.08349734
-0.012393481
0.18521082
0.13841169
0.25292754
0.36279118
0.16424415
0.47454405
-0.09393343
0.09598698
0.04716696
0.21427163
0.012726561
0.24280311
-0.17281213
-0.15572292
-0.39673403
-0.6466133
0.027833791
-0.09608892
0.59321785
0.04885689
-0.08000069
0.02680713
-0.18405475
-0.12700006
-0.2572098
-0.36041176
-0.16805293
-0.47286946
0.09623936
-0.091100916
-0.05454585
-0.21309896
-0.026646523
-0.25159925
0.15937094
0.16500685
0.39836425
0.641428
-0.06310357
0.0012209759
-0.60000545
-0.05658083
0.07530762
-0.040828846
0.18123147
0.115431175
0.26477605
0.35777086
0.17607981
0.4706892
-0.1002015
0.0852134
0.06216581
0.20985092
0.041095037
0.25961044
-0.14967941
-0.17695475
-0.3937815
-0.63029414
0.09848953
0.088294156
0.5952311
0.06374753
-0.07058617
0.054937877
-0.17839333
-0.10396438
-0.26819497
-0.35543343
-0.17939204
-0.4689766
0.102170095
-0.07887904
-0.06856869
-0.2063233
-0.05433393
-0.26754168
0.13571861
0.18731327
0.39505792
0.61657697
-0.13344045
-0.1819817
-0.5764426
-0.070542246
0.0646673
-0.06855856
0.17328027
0.092284195
0.27437058
0.3529582
0.18720487
0.46679577
-0.10593881
0.07173638
0.07516334
0.20090008
0.06861924
0.2743873
-0.12506966
-0.20010711
-0.38949877
-0.59745914
0.1680532
0.27047047
0.5509072
0.07658917
-0.058846757
0.082093015
-0.16877766
-0.080827445
-0.27698588
-0.35072875
-0.190018
-0.46507168
0.10756144
-0.06417385
-0.08041889
-0.19511889
-0.08093639
-0.28128147
0.11075207
0.2116001
0.39021987
0.57659745
-0.20260313
-0.3576263
-0.5085069
-0.08222942
0.0519286
-0.095066465
0.16153497
0.06908461
0.2817313
0.34847182
0.1975899
0.46291405
-0.11112273
0.05601036
0.08574034
0.18771496
0.094731115
0.2867754
-0.09920785
-0.22522679
-0.38352874
-0.55088043
0.23533918
0.4405863
0.46240395
0.08694438
-0.04517051
0.107739046
-0.15540317
-0.057669744
-0.28359863
-0.34641415
-0.19990343
-0.46120375
0.11239447
-0.047476374
-0.08971369
-0.17986122
-0.1059218
-0.29246444
0.084697
0.23787543
0.3834559
0.52422845
-0.2690774
-0.5157083
-0.40310922
-0.091234885
0.037509117
-0.11980739
0.14625475
0.045895655
0.28688982
0.34442583
0.20720927
0.45909098
-0.115735196
0.038547307
0.09355591
0.1707111
0.11889085
0.29645655
-0.072342716
-0.252277
-0.3754827
-0.49327588
0.298557
0.58609074
0.34150925
0.094451524
-0.030008378
0.13131468
-0.13855377
-0.03452782
-0.2880531
-0.3426014
-0.20902303
-0.45741877
0.11665288
-0.029323786
-0.09614853
-0.16102909
-0.12878838
-0.30078402
0.0577981
0.26604682
0.37434873
0.46192524
-0.33050743
-0.64483243
-0.2752111
-0.09723632
0.021878637
-0.14221133
0.12777673
0.022740649
0.28987753
0.34092933
0.21603748
0.45537043
-0.11976065
0.019898476
0.098359965
0.1503877
0.14059925
0.3031688
-0.04473985
-0.28111166
-0.36496395
-0.4271962
0.3553845
0.69663334
0.20674318
0.09884167
-0.013859866
0.15224475
-0.11859718
-0.011405258
-0.29036617
-0.33939537
-0.21735337
-0.45375875
0.12032318
-0.010282979
-0.09950953
-0.13916188
-0.14907756
-0.30600014
0.030317226
0.29589725
0.36248702
0.39216924
-0.38413566
-0.7337896
-0.13961452
-0.100014016
0.005542733
-0.16170041
0.10650812
-0.00038624145
0.29071772
0.33808386
0.2240524
0.45179278
-0.123188175
0.0006389276
0.10000141
0.12729019
0.15941292
0.306724
-0.016678596
-0.31145674
-0.3516026
-0.35531893
0.4035375
0.76017845
0.070821725
0.09995529
0.0027444698
0.16996539
-0.095979296
0.011714689
-0.29054508
-0.33689404
-0.22487123
-0.4502617
0.123398006
0.009063516
-0.099680714
-0.11482109
-0.16638276
-0.30795875
0.0025293743
0.32706738
0.34751484
0.31773672
-0.4277255
-0.7677049
-0.0034296154
-0.09946345
-0.010972157
-0.17771454
0.08291746
-0.02350456
0.28942275
0.33598483
0.23123078
0.44839334
-0.12600978
-0.018646777
0.09843351
0.1019749
0.17495576
0.3070219
0.011554392
-0.3428987
-0.33510733
-0.28038514
0.44157264
0.76184076
-0.06400944
0.097751126
0.019258175
0.18395165
-0.07120853
0.034854133
-0.2885836
-0.3351856
-0.23155358
-0.4469616
0.12587067
0.028129011
-0.09664994
-0.088557735
-0.18036124
-0.30660146
-0.025284173
0.35905793
0.32918411
0.24136825
-0.46034494
-0.7369552
0.13273656
-0.09560615
-0.027132347
-0.18975008
0.057522617
-0.046636425
0.2859908
0.33471623
0.23755054
0.44520426
-0.12822044
-0.037371885
0.09371373
0.074980184
0.18692863
0.3040534
0.039668586
-0.3748949
-0.31530887
-0.20468919
0.46930853
0.70109385
-0.19985922
0.09231028
0.035138655
0.19376005
-0.044843886
0.058027647
-0.2844639
-0.334349
-0.23737682
-0.44388747
0.12773794
0.046330895
-0.09051007
-0.060891353
-0.19073884
-0.30196822
-0.0528423
0.3912541
0.30740237
0.16512176
-0.48243815
-0.65038663
0.26846144
-0.08858468
-0.0424178
-0.1974027
0.030879138
-0.06978812
0.28040934
0.33435166
0.24298654
0.44225147
-0.12981793
-0.054959204
0.086001575
0.04681192
0.1951122
0.29790336
0.06737654
-0.40680498
-0.29219475
-0.12959434
0.48756745
0.5925818
-0.33489406
0.08382993
0.04986431
0.19906327
-0.017477158
0.081226826
-0.2781569
-0.33445102
-0.24231486
-0.44106326
0.1289995
0.06310355
-0.08145521
-0.03230289
-0.19731346
-0.294197
-0.0798672
0.4229671
0.28225714
0.08997156
-0.4952317
-0.5230046
0.39705333
-0.07865485
-0.056333013
-0.20040111
0.0035659503
-0.09294144
0.27265903
0.33495462
0.24751253
0.4395567
-0.1308027
-0.070853
0.07555143
0.017939027
0.19936708
0.28874382
0.09439627
-0.43793517
-0.26591784
-0.05541787
0.49749833
0.4486138
-0.45693642
0.072610945
0.06294882
0.19967748
0.010279361
0.10440987
-0.26963058
-0.33554694
-0.24634002
-0.43850854
0.12965775
0.07791031
-0.06977751
-0.0032405253
-0.19995388
-0.2835126
-0.10609459
0.45348492
0.2540084
0.015871728
-0.49995923
-0.36611748
0.5039908
-0.066169985
-0.068423025
-0.19863664
-0.023824148
-0.11603914
0.26272142
0.3365742
0.25109816
0.43713695
-0.13117868
-0.08453334
0.062704064
-0.011198567
0.19962826
0.27682474
0.12045923
-0.46757865
-0.23677088
0.018317688
0.49992228
0.2794426
-0.5474506
0.05904347
0.07396075
0.19558127
0.03780627
0.12748733
-0.2588589
-0.3376801
-0.24941988
-0.43623754
0.12971725
0.09026119
-0.0558534
0.025867099
-0.19860019
-0.2702116
-0.13127597
0.48211172
0.22304504
-0.057865698
-0.49729156
-0.191088
0.57405543
-0.05156036
-0.07829056
-0.19217378
-0.050698105
-0.13897239
0.2505879
0.33924693
0.25370967
0.43500412
-0.1309502
-0.09553611
0.04787263
-0.04017422
0.19590469
0.2624561
0.14531378
-0.4950433
-0.205137
0.09244328
0.4949421
0.09759525
-0.5941109
0.04358312
0.082537204
0.18691766
0.06448879
0.15031646
-0.24582855
-0.34087756
-0.25152
-0.43425974
0.1291837
0.09973472
-0.040130988
0.05459233
-0.19326338
-0.25464186
-0.15518261
0.5081768
0.18982345
-0.13206762
-0.48710123
-0.008088482
0.59990954
-0.035313826
-0.085608244
-0.18124296
-0.07647107
-0.16157687
0.23626888
0.34299377
0.25530955
0.433165
-0.13012508
-0.103474624
0.03152994
-0.06855649
0.18827568
0.24598984
0.16873014
-0.51965016
-0.17143571
0.16763344
0.48186234
-0.08683911
-0.59441584
0.026737725
0.088396765
0.1739786
0.08972865
0.17269276
-0.23055448
-0.34515202
-0.25260222
-0.43257913
0.12806624
0.10599694
-0.023118725
0.0824884
-0.1840277
-0.23717909
-0.17761068
0.5310231
0.15480578
-0.20719288
-0.46854728
0.17615032
0.57984334
-0.017958684
-0.09013033
-0.166218
-0.10058205
-0.18362659
0.21980542
0.3478188
0.2558574
0.43162116
-0.12871286
-0.10806167
0.014194213
-0.09588961
0.17689192
0.22779867
0.19050771
-0.5407193
-0.13607898
0.2439059
0.45943782
-0.26742688
-0.54928243
0.00904583
0.091348395
0.15718132
0.11295718
0.19435363
-0.2130866
-0.3504992
-0.2526248
-0.43119484
0.12637484
0.10882227
-0.0053639105
0.10907627
-0.17105517
-0.21820682
-0.19838549
0.549986
0.11842124
-0.28289086
-0.44047928
0.35408866
0.513652
-4.577754e-05
-0.091700174
-0.14758009
-0.12250149
-0.20483637
0.20127188
0.35370862
0.25530985
0.43036947
-0.12672518
-0.10912711
-0.0035874129
-0.12168134
0.16197474
0.20825538
0.21047947
-0.5575616
-0.09945189
0.32024747
0.42645562
-0.43611938
-0.46200696
-0.008934917
0.09129899
0.13703208
0.13365133
0.21498145
-0.19351521
-0.35689676
-0.25154608
-0.43010223
0.12412195
0.108107395
0.012563354
0.13384077
-0.15458618
-0.19809301
-0.21736366
0.5643966
0.081049204
-0.35776314
-0.40209943
0.5139229
0.4075261
0.017862141
-0.090260684
-0.12587823
-0.14174709
-0.2248685
0.18078235
0.36063245
0.25362194
0.42940325
-0.12417414
-0.10663164
-0.021256521
-0.14540184
0.14381786
0.18771324
0.22851707
-0.56951183
-0.061914187
0.3945705
0.3825103
-0.5817061
-0.34372333
-0.026641788
0.088256486
0.114088185
0.15134725
0.23421623
-0.17197628
-0.36430475
-0.24932306
-0.42929122
0.12132049
0.10387915
0.030086609
0.15623571
-0.13494186
-0.17717318
-0.23443864
0.57363933
0.04302936
-0.42949238
-0.35362938
0.6438974
0.27776352
0.035204325
-0.085854344
-0.101688966
-0.15789382
-0.24334519
0.15848945
0.36854
0.2507511
0.42871055
-0.1210747
-0.10066854
-0.038256433
-0.16649589
0.12278236
0.16648859
0.2445346
-0.5760136
-0.023814332
0.4641221
0.32858205
-0.69318956
-0.21070462
-0.043516576
0.08232748
0.08892556
0.16565613
0.2516707
-0.14864714
-0.37266454
-0.24591534
-0.4287483
0.117985435
0.0962909
0.04664355
0.1757058
-0.112517364
-0.1557355
-0.24954179
0.57725513
0.00467315
-0.49533293
-0.29655132
0.7338699
0.14156511
0.051430676
-0.078621954
-0.07558675
-0.17058602
-0.259867
0.13458164
0.3773608
0.24665672
0.428275
-0.117442384
-0.091455616
-0.054051
-0.18440394
0.09928966
0.14484906
0.25848636
-0.57672626
0.014501054
0.52613336
0.2669415
-0.757834
-0.07444699
-0.05901778
0.073713355
0.062109884
0.17627062
0.2669531
-0.12374419
-0.3818961
-0.24128744
-0.42845485
0.114133365
0.08561349
0.061700046
0.19171382
-0.08777333
-0.13401341
-0.26263884
0.57504874
-0.03371914
-0.55261195
-0.23316419
0.7692658
0.006347696
0.066016056
-0.06880143
-0.048123524
-0.17954366
-0.27403715
0.1092791
0.38700482
0.24130574
0.428078
-0.11329406
-0.07932368
-0.068138205
-0.1985989
0.07381175
0.12300592
0.2703633
-0.5716121
0.052685462
0.5781316
0.20034574
-0.7609274
0.061613925
-0.072635196
0.06270121
0.034182545
0.18297361
0.27968904
-0.09751383
-0.39190224
-0.23541096
-0.4283907
0.10978149
0.07221888
0.07477103
0.2037798
-0.061220843
-0.11218265
-0.27372625
0.56714106
-0.071848944
-0.5987796
-0.16577947
0.73979723
-0.12875423
0.07847608
-0.05671447
-0.019822583
-0.18456803
-0.28548363
0.082827665
0.39736423
0.2346734
0.42809647
-0.10864905
-0.06469292
-0.08006667
-0.20862618
0.046858728
0.10111502
0.2801833
-0.56094235
0.09039175
0.6176545
0.13112628
-0.7015238
0.19789323
-0.08390653
0.049655378
0.005658536
0.1856348
0.28954405
-0.070228204
-0.40256715
-0.22826704
-0.428531
0.104948714
0.056559287
0.08543321
0.21151765
-0.033409066
-0.09036187
-0.2828219
0.5539351
-0.10940815
-0.63110995
-0.09616515
0.6542643
-0.26499903
0.08838479
-0.042761426
0.008814272
-0.18554178
-0.29388592
0.05549554
0.40831238
0.2267475
0.4283055
-0.103527285
-0.048052933
-0.08945077
-0.21414463
0.018971099
0.079274945
0.2879831
-0.5452312
0.12727281
0.6419577
0.06076846
-0.59383345
0.33157548
-0.09243681
0.035003223
-0.022965256
0.18421158
0.29624742
-0.042177532
-0.413758
-0.21984918
-0.42884946
0.09965641
0.039144896
0.093344025
0.21466786
-0.0049111946
-0.068618186
-0.28995693
0.53601867
-0.14606652
-0.646843
-0.02548961
0.52760077
-0.3959976
0.09539394
-0.027401015
0.03729686
-0.18243149
-0.29899806
0.027567985
0.419709
0.21752831
0.42867762
-0.097950496
-0.029939216
-0.09598328
-0.21495906
-0.009295314
0.057534643
0.2938076
-0.52512646
0.16297337
0.6486124
-0.009959528
-0.45100707
0.45193583
-0.097919196
0.019220859
-0.051198445
0.17874703
0.2996076
-0.0136657385
-0.42532933
-0.21016455
-0.42931747
0.09392574
0.020526247
0.0982501
0.21312328
0.023687558
-0.04697308
-0.29516768
0.51405495
-0.18145417
-0.64422685
0.045440223
0.37012967
-0.5051663
0.099252746
-0.011140261
0.06512716
-0.1752899
-0.30066502
-0.00065673265
0.43140036
0.20703325
0.4291834
-0.09194201
-0.010918868
-0.09944793
-0.21103935
-0.037375983
0.035902042
0.29770243
-0.50131744
0.19711399
0.6368153
-0.0806336
-0.2839936
0.5427522
-0.10015259
0.0028189505
-0.07853787
0.16936658
0.29952738
0.014996017
-0.43712166
-0.19923465
-0.42990464
0.087781124
0.0012773896
0.09999723
0.20693599
0.051800024
-0.025414294
-0.29848686
0.48871237
-0.21515441
-0.62357545
0.115908556
0.19334568
-0.57554996
0.09981901
0.0054870374
0.09178791
-0.16425607
-0.29883578
-0.028874477
0.4432213
0.19529445
0.4297932
-0.08552641
0.008427126
-0.099725015
-0.2025258
-0.06471114
0.014354667
0.29970446
-0.4744855
0.22928979
0.607946
-0.15077306
-0.10412168
0.59208244
-0.099052474
-0.013674026
-0.10445696
0.15627888
0.29600826
0.04349332
-0.4489665
-0.1870966
-0.43058047
0.08124705
-0.018016752
0.09853446
0.19631596
0.07884752
-0.0039058942
-0.29993603
0.4606482
-0.2467107
-0.5870601
0.18503606
0.0093162125
-0.5999938
0.09707311
0.021933509
0.11673427
-0.14955798
-0.2935664
-0.05678071
0.45499977
0.18235937
0.4304759
-0.07873075
0.02751092
-0.09679871
-0.18971308
-0.09075424
-0.0071496177
0.2998367
-0.4453086
0.2590799
0.564645
-0.2194415
0.080204956
0.59610873
-0.094661
-0.029726015
-0.12840068
0.13977197
0.2891536
0.07151502
-0.46068668
-0.17379943
-0.4313131
0.074351616
-0.03676904
0.093916886
0.18160874
0.10427162
0.017601345
-0.29952267
0.43052655
-0.27565977
-0.5375012
0.251502
-0.17405078
-0.578425
0.0911151
0.03765941
0.13939832
-0.13151088
-0.2850164
-0.084078275
0.466555
0.1682895
0.43120044
-0.07158361
0.045750078
-0.09075881
-0.17302099
-0.11498338
-0.028662376
0.2981061
-0.41447508
0.2860867
0.50958836
-0.28490892
0.26264727
0.5538184
-0.087140314
-0.044818897
-0.14979333
0.12020996
0.27915817
0.09875806
-0.47209877
-0.15940619
-0.4320716
0.06712327
-0.05440263
0.08630002
0.163267
0.12754591
0.039159145
-0.2972366
0.3990383
-0.30158994
-0.4775549
0.3133594
-0.35020998
-0.5123537
0.0821603
0.0521467
0.15920529
-0.11051363
-0.27343595
-0.11048221
0.47770298
0.15315893
0.43193686
-0.06411501
0.062578194
-0.08179695
-0.15295662
-0.13691111
-0.05023208
0.2945027
-0.38268903
0.3099903
0.44519386
-0.344654
0.433558
0.4670881
-0.07676294
-0.058463216
-0.16805968
0.09802435
0.2662962
0.12493256
-0.48301405
-0.14399093
-0.43282643
0.059592042
-0.07036053
0.07593571
0.14181194
0.14819124
0.06080708
-0.29305273
0.3668942
-0.32420555
-0.4097795
0.3682244
-0.5093071
-0.40832648
0.07052554
0.06491791
0.1756014
-0.08703693
-0.2591484
-0.13572547
0.48825473
0.13705197
0.4326566
-0.056356415
0.07745758
-0.07019987
-0.13007286
-0.15609872
-0.071892425
0.28900355
-0.3506516
0.33060113
0.3740113
-0.39595512
0.58037734
0.3472316
-0.06389631
-0.070213094
-0.18265556
0.07370376
0.25090465
0.14976807
-0.4932401
-0.12763758
-0.4335485
0.051790778
-0.08412165
0.06316077
0.11779722
0.1657892
0.082564436
-0.28693292
0.3347927
-0.34337366
-0.33689713
0.4139516
-0.639924
-0.2810635
0.05661267
0.07555181
0.18808787
-0.061609834
-0.24252678
-0.15956278
0.49801776
0.12006218
0.43333188
-0.048341576
0.08989693
-0.056342274
-0.10492937
-0.17216294
-0.09365058
0.28157517
-0.3190205
0.34788978
0.2988603
-0.43684828
0.6926613
0.21272627
-0.048981328
-0.07968126
-0.19311015
0.047781106
0.2333589
0.1730185
-0.50258076
-0.11043881
-0.43421146
0.043752823
-0.09521946
0.048386954
0.091773935
0.17999153
0.10441676
-0.27883142
0.30337188
-0.35914496
-0.26159248
0.44939724
-0.73092467
-0.1455925
0.040888004
0.08369758
0.19626053
-0.034804363
-0.22396931
-0.18177585
0.5067993
0.10229142
0.43393868
-0.040105414
0.09947096
-0.04067182
-0.07806713
-0.18478687
-0.11547801
0.27218127
-0.28836498
0.36198992
0.22237177
-0.46676812
0.75860304
0.076745324
-0.03251512
-0.08655292
-0.19906397
0.0208214
0.214051
0.1944692
-0.5108417
-0.09249683
-0.43479243
0.035513304
-0.103263855
0.032086495
0.06427019
0.19053045
0.12630774
-0.26870316
0.273162
-0.37173364
-0.18596312
0.47467726
-0.7675672
-0.009390716
0.023864975
0.089088686
0.19984172
-0.007221464
-0.20387429
-0.20217705
0.51441056
0.08384786
0.4344564
-0.031684227
0.10584319
-0.02369393
-0.049991284
-0.19372353
-0.13730107
0.26079127
-0.2591323
0.3731686
0.14635308
-0.48642495
0.7631532
-0.058092196
-0.01502918
-0.09059621
-0.20030376
-0.0065894458
0.19336772
0.21394527
-0.5178366
-0.07392174
-0.4352715
0.027109832
-0.1079649
0.01477546
0.035777327
0.19721691
0.14813098
-0.256514
0.24455701
-0.38147432
-0.111106895
0.49076453
-0.7395898
0.12675938
0.0060866023
0.091548786
0.19870715
0.020522095
-0.18261866
-0.22061685
0.52067274
0.06484713
0.43486616
-0.023117013
0.108784385
-0.0059548323
-0.021168951
-0.19879809
-0.15899307
0.24739033
-0.23162985
0.38177934
0.07150348
-0.4971159
0.7048721
-0.19387689
0.0029218686
-0.09167124
-0.19678468
-0.033857312
0.17166695
0.2313134
-0.5233937
-0.05483339
-0.43563226
0.018580612
-0.109148026
-0.0030001793
0.0067516738
0.19994077
0.16972354
-0.24224886
0.2178075
-0.38876882
-0.037108656
0.4987793
-0.6551294
0.262582
-0.011888388
0.09100267
0.19289617
0.047808263
-0.1605374
-0.23698242
0.52542746
0.045411788
0.4351548
-0.014442369
0.10818721
0.011975482
0.007961144
-0.19990727
-0.18036935
0.23198642
-0.20603377
0.3882173
-0.0024261835
-0.49997562
0.59814936
-0.32911924
0.0207755
-0.08973673
-0.18863378
-0.06039133
0.14926454
0.246484
-0.5273654
-0.035359044
-0.43586233
0.009964714
-0.10676983
-0.020681674
-0.022373866
0.19866619
0.19086412
-0.22592197
0.19303416
-0.3940375
0.036641773
0.49938917
-0.52928334
0.39174476
-0.029496448
0.08747466
0.18260966
0.07402509
-0.1379135
-0.25120044
0.5285455
0.02566939
0.4353121
-0.005700833
0.10407311
0.02952125
0.036972854
-0.19701783
-0.20118773
0.21461831
-0.1824043
0.3928761
-0.076205425
-0.4954853
0.45553753
-0.45211655
0.037971098
-0.08485231
-0.17613843
-0.08561333
0.12642041
0.25940952
-0.52964115
-0.015632875
-0.43595403
0.0013027756
-0.10091837
-0.037712052
-0.05117365
0.1934287
0.21127681
-0.20758587
0.17025164
-0.39768267
0.110983774
0.49249268
-0.37346044
0.4999859
-0.046181303
0.08108644
0.16818947
0.09858497
-0.114969686
-0.26323223
0.5299368
0.005751955
0.43533257
0.0030673072
0.096591875
0.0461178
0.06543361
-0.19016856
-0.22115159
0.19536158
-0.16071291
0.39612207
-0.15061653
-0.48331997
0.28721616
-0.5443522
0.0539622
-0.07717435
-0.15971659
-0.108973
0.10333558
0.270077
-0.53015393
0.004205161
-0.43590444
-0.007365068
-0.09180813
-0.053554278
-0.079208404
0.18433493
0.23063937
-0.18733285
0.14939389
-0.40006483
0.1864745
0.4772217
-0.1989895
0.57188636
-0.06140617
0.07205479
0.15008922
0.120934285
-0.09186841
-0.2730679
0.52956164
-0.014204021
0.43521565
0.011821146
0.08601109
0.06123245
0.092885666
-0.17947349
-0.23992035
0.17432773
-0.14086713
0.39827672
-0.22595367
-0.46251228
0.10567794
-0.5930398
0.068229556
-0.06695522
-0.13987823
-0.1299566
0.08015094
0.27849925
-0.5288896
0.024012916
-0.435715
-0.015999405
-0.0797661
-0.06770527
-0.10600956
0.17156288
0.24859442
-0.16529624
0.13034196
-0.40149352
0.26290116
0.45227426
-0.016181767
0.5997302
-0.07466712
0.0606801
0.12883864
0.14056927
-0.06871401
-0.28071705
0.5274309
-0.034063447
0.4349658
0.020519957
0.072699286
0.07437591
0.11883599
-0.16512461
-0.25712195
0.151664
-0.12273156
0.3996137
-0.30161706
-0.43193135
-0.07878651
-0.5953623
0.08029616
-0.054531567
-0.117187895
-0.14810169
0.05695181
0.2847037
-0.52588445
0.04364912
-0.43539262
-0.024558483
-0.06521007
-0.0797117
-0.13106975
0.15536277
0.2647679
-0.14164883
0.11294237
-0.4022251
0.33897164
0.41656318
0.16813016
0.58169824
-0.08551145
0.047338836
0.10500723
0.15705338
-0.045562632
-0.28619838
0.5236064
-0.053691834
0.4345907
0.029123712
0.057105944
0.08512374
0.14275569
-0.14739344
-0.2723733
0.12755123
-0.1061458
0.4003567
-0.3759517
-0.39097866
-0.25968015
-0.5521903
0.0897485
-0.04031311
-0.09222516
-0.1630084
0.0337802
0.2887232
-0.52122504
0.06297619
-0.434947
-0.03300385
-0.048627328
-0.089184955
-0.15384819
0.13605417
0.27878842
-0.11659656
0.097024366
-0.40246552
0.41237754
0.36999282
0.3465656
0.51747674
-0.093558006
0.032466438
0.07916803
0.17002706
-0.02243218
-0.289531
0.51819485
-0.07295834
0.4341034
0.0375925
0.03974088
0.09312988
0.16409276
-0.12663063
-0.28530014
0.10219687
-0.09094002
0.40068537
-0.44647822
-0.34019205
-0.42911702
-0.466599
0.096252725
-0.024768824
-0.06555646
-0.17434746
0.010642296
0.29058504
-0.5150391
0.08186196
-0.43439406
-0.041296557
