0.191
0.8260000000000001
-0.509
-0.122
-0.011
0.078
0.192
-0.468
0.879
0.227
-0.271
0.329
-0.23800000000000002
-0.726
-0.886
-0.199
-0.184
-0.929
-0.018000000000000002
-0.881
0.029
-0.336
0.243
0.105
0.923
0.309
-0.296
-0.216
-0.315
0.423
0.11
-0.743
0.765
-0.614
-0.789
0.47500000000000003
0.17
-0.271
0.105
-0.678
0.246
0.523
0.61
-0.402
-0.24
-0.089
-0.631
-0.669
0.743
0.26
0.508
0.358
0.498
-0.68
-0.222
0.372
-0.294
-0.068
0.593
0.188
0.297
-0.628
0.548
-0.077
-0.40700000000000003
0.094
0.106
0.452
0.291
-0.226
0.515
0.584
0.214
-0.352
-0.664
0.522
-0.519
0.8320000000000001
-0.268
0.868
-0.781
-0.40700000000000003
0.972
-0.058
0.28
0.339
0.41600000000000004
0.402
0.241
0.062
0.062
0.866
0.234
0.303
-0.773
-0.311
0.5650000000000001
0.002
0.47400000000000003
-0.132
0.758
0.044
0.504
0.192
0.6900000000000001
-0.437
-0.049
0.756
-0.191
-0.5690000000000001
0.594
0.28800000000000003
-0.258
0.301
-0.5650000000000001
-0.616
0.183
0.163
-0.342
-0.654
-0.18
-0.803
0.149
0.642
-0.456
-0.34800000000000003
-0.774
-0.14400000000000002
0.53
0.041
0.198
-0.128
-0.433
-0.5670000000000001
0.8230000000000001
-0.034
0.255
-0.10200000000000001
0.931
0.266
0.9380000000000001
0.161
0.623
0.199
-0.09
0.227
-0.08600000000000001
0.911
-0.716
-0.259
0.19
0.786
0.065
0.47300000000000003
0.225
-0.483
0.637
0.458
-0.511
-0.596
0.066
-0.338
0.401
0.077
-0.061
0.082
-0.07100000000000001
-0.441
-0.805
0.529
0.153
-0.849
-0.279
-0.331
-0.666
-0.447
-0.313
0.465
0.20700000000000002
-0.533
0.162
0.8260000000000001
-0.406
-0.009000000000000001
-0.267
-0.40800000000000003
-0.292
0.036000000000000004
0.243
0.904
0.724
0.643
-0.392
0.77
-0.9560000000000001
-0.17500000000000002
0.07
0.903
0.882
-0.356
-0.027
0.552
-0.581
0.558
0.8150000000000001
0.291
-0.5700000000000001
0.339
0.761
0.186
-0.887
-0.074
0.71
0.433
-0.884
-0.029
-0.147
0.47400000000000003
-0.883
0.16
0.448
-0.084
-0.323
0.523
0.466
-0.261
-0.459
-0.439
-0.092
0.115
-0.6950000000000001
0.66
-0.095
0.971
0.125
0.911
-0.201
-0.884
-0.14100000000000001
0.9400000000000001
-0.623
0.12
-0.47000000000000003
0.034
0.009000000000000001
-0.665
-0.47100000000000003
-0.8200000000000001
-0.266
0.738
-0.012
0.17500000000000002
-0.081
-0.641
0.8160000000000001
0.462
0.597
0.306
0.383
0.497
0.28500000000000003
0.452
0.518
-0.402
-0.732
-0.457
0.31
-0.462
0.418
0.249
-0.781
0.515
-0.225
-0.029
0.018000000000000002
0.719
0.8190000000000001
0.406
-0.629
-0.13
0.645
0.356
-0.004
0.081
-0.992
-0.047
0.545
0.551
-0.371
0.441
0.124
-0.157
0.1
-0.27
-0.278
-0.9530000000000001
0.255
0.019
-0.494
-0.37
0.066
-0.514
0.029
0.925
0.5730000000000001
0.365
0.155
-0.171
0.034
-0.911
-0.884
0.447
0.419
-0.419
0.34
0.34500000000000003
-0.713
0.251
0.523
0.139
0.275
-0.248
0.784
0.234
0.732
0.401
0.743
0.421
-0.211
-0.686
-0.885
-0.034
0.418
0.613
0.07200000000000001
0.779
0.5650000000000001
-0.326
-0.6940000000000001
-0.013000000000000001
-0.108
0.381
-0.41400000000000003
-0.7010000000000001
0.931
-0.195
-0.985
-0.105
0.597
0.552
0.8310000000000001
-0.054
-0.20800000000000002
-0.223
0.42
0.716
-0.497
-0.23600000000000002
-0.5650000000000001
0.193
0.879
0.136
0.8160000000000001
-0.189
0.069
-0.229
-0.48
-0.781
0.36
0.782
-0.156
0.98
0.322
0.004
0.2
-0.353
-0.654
-0.451
0.8240000000000001
-0.186
-0.733
0.159
-0.324
-0.451
-0.313
-0.934
0.5700000000000001
-0.605
-0.396
-0.216
0.064
0.679
-0.7020000000000001
0.668
-0.083
0.705
0.092
-0.64
0.40700000000000003
0.629
