-0.5776601138982785
-0.6738578614954491
0.5165190298513442
0.11160895364307559
0.01812017187014801
-0.077242202808273
-0.15835634943372184
0.48368377347744146
-0.9491708372569408
-0.09006943321095608
0.2658465852391378
-0.33678065418623143
0.47443642912792994
0.62326125883132
0.9439158208933085
0.0665004894207779
0.8121784865662997
0.6645741674974585
0.5284103971696933
0.7501041674194396
-0.03767364757466151
0.3363384986378686
-0.2369132632784771
-0.11293069470369929
-1.043925935436203
-0.12190497713667621
0.29221220796520153
0.21748908954932958
0.2798255681333296
-0.4476014846393046
0.15039364994666166
0.7365325658985786
-0.31721461112696586
0.8428725065760576
0.5321951224398749
-0.6588977928764198
-0.17911653550090695
0.2701175592525794
0.06830793257944398
0.6825756950845123
-0.30868744807438286
-0.48890671193558305
-0.5057474054730831
0.48544534321980387
0.23454791688030607
0.09735366882863952
0.9486152215847086
0.42191290761896594
-0.8077020775117568
-0.169330455397611
-0.5576791158198625
-0.31208745590388515
-0.16160228048854125
0.8005164791645845
0.21397207539737667
-0.3809223637327347
0.2908181278067264
0.07658974905419731
-0.6166244410917353
-0.15525792378034042
-0.13117059594579086
0.6787096325564113
-0.5413098536585623
0.09027793033580839
0.4066280024733278
-0.09125250449199884
-0.12434280225531036
-0.4441904454451006
-0.29448433991665507
0.22513019813481047
-0.691186699909576
-0.4536756158266654
-0.2106655958930098
0.35852815679677774
0.4374433124284597
-0.6673130127029289
-0.23305278738595406
-0.9194031585870026
-0.33935040625682844
-0.8487827247058173
0.9277879670590593
0.24704033053130034
-0.9106720555833695
0.2024919358844111
-0.28710368332877456
-0.32995399387819396
-0.46039667783070054
-0.36502799647227274
-0.23697124248359278
-0.07093827624152575
-0.5296420369859566
-0.7320796519442874
-0.23148168745511638
-0.3002002181405124
0.8648932034148139
0.19342060639558423
-0.5645329474537882
0.0123857962626137
-0.46815203390693766
0.13812176026560488
-0.7611540411375483
0.018262522453796677
-0.5181909063613808
-0.1757088793729745
-0.5279440774355872
0.5605755155362757
-0.220020907566947
-0.7280715483338402
0.27229471574778713
0.5344754075574344
-0.6404529279480199
-0.23716155518586107
0.2581026550189373
-0.30514142346953516
0.7911516772866363
0.444680392524065
-0.1728558613541498
-0.1685532863586065
0.5228731698281094
0.5524067313395901
0.5229682120034062
0.6734947487476433
-0.28088034655387417
-0.5980627614018764
0.49214261185028596
0.31506648455963443
0.8040180019697132
0.0664228938151551
-0.532437679399983
-0.03166834106933348
-0.2058651676203687
0.12082348586361784
0.5671767475167964
0.47453485133944157
-0.8000160368191818
0.11686352748228922
-0.26011480419445804
0.0937603379378569
-1.0274480792846443
-0.09180993211084032
-0.9804613211373319
-0.01416859260780271
-0.6523545247223067
-0.15757313753231525
0.10348621646873507
-0.22468857104459827
-0.5415670993342587
-0.786676437450721
0.7757013589115922
0.17813568376195263
-0.505462297378442
-0.6645533945611949
-0.08879785048651832
-0.46696835320576424
-0.18039101613889497
0.5040640704675008
-0.7677886483364834
-0.3388099066426395
0.6959885933698932
0.4609082933104116
-0.0736377353047439
0.3388485264784566
-0.40098031800908357
-0.08073539010913008
0.06817145855136857
-0.07872576630922802
0.08435950823144216
0.4363125591327432
0.46587758383526956
-0.7461039354531444
0.33189619852043895
0.8069556052568237
0.2846626771942845
0.32293361702898765
0.7999134224957807
0.3207293033954228
0.26111474666974416
-0.4959836504465189
-0.13908234250715656
0.5565915852672586
-0.5453246870866121
-0.686041606620859
0.40597662832259546
0.013793019841365325
0.28779294631747876
0.3912344424970885
0.2934575963786898
-0.0267106534581111
-0.8112246323751756
-0.6427362954402355
-1.0600404561146295
-0.35843805705213
-0.04818250827460686
-0.845858997603399
1.0054481727684943
0.0164878501783613
-0.6299278111070394
-0.7267792899693795
-0.6801273709338029
0.5338688916489507
-0.033858879152097565
-0.5515541155170585
0.36373465487021084
-0.6823010471481904
-0.9059790917482394
-0.16233568329643397
0.5078269013590919
-0.39405132792868425
-0.8028274614689638
-0.10569694576341053
0.8941743991852078
-0.036949479206700435
-0.8500943270476974
-0.2939953343082341
0.874853571071719
-0.07744966727155227
0.11592744883241779
-0.4855586067715231
0.8004899871870685
-0.27842444670067185
-0.44606192587276405
0.08444356169742812
0.23720194291447558
-0.5653057465107683
-0.44635553779646725
0.2804065131581155
0.5272783197538884
0.3835232240595762
0.10132223643500747
-0.1105790924256427
0.2250050118640213
-0.8640362327346067
-0.7486927050322384
-0.7593190543923635
-0.7023999045668714
-0.7003461015347259
0.7134631042233098
0.6695564664547331
-0.6154465908923945
-0.795252144012029
0.6045565409461605
-0.1505725474755609
0.46892007461491086
-0.03523583682793205
0.14024868893478168
0.650139949948581
0.9370954216549058
0.5251062097781573
-0.03752703824773142
-0.7781829764419983
0.02548548828903949
-0.174284268975797
0.20700889981616719
0.6119397131061487
-1.014242505593806
-0.25434785254506065
-0.6493301766240299
-0.2502390599000939
-0.45987233861491433
-0.44271818747618646
-0.3225796178822668
-0.4259380220134
-0.4440954542862408
0.4599082452066249
0.8955568343759494
0.29608598577017176
-0.2600716330612123
0.4920415843173333
-0.42906355342006136
-0.23776250982788136
0.48130270942547787
-0.7129053130289557
0.22276427426184625
0.03821025792921836
-0.22804624380230526
-0.6846752134134648
-0.9770087433957809
-0.22751783150857838
0.6459875141165494
0.09610615358329586
-0.7263043418042457
-0.27189447880615564
0.011394064789147293
-0.0806012990074239
0.9764615512409248
-0.10739427370652616
-0.7060134163253664
-0.4254172965270703
0.31756590809809787
-0.47724076812187366
-0.1351004225237662
0.152161707792914
-0.11221387383114498
0.2688508615937924
0.9889472879230403
0.5961820106271698
-0.25360557576112275
-0.028550075597448554
0.544499172708306
0.32439692572809814
-0.023605857141309097
0.5188042846783323
-0.6590869803853681
-0.7385586438691126
-0.640027491282626
-0.3006018234388092
-0.16578433729709863
0.16581440015187443
0.5726587751760698
0.7673806715403402
0.5887039117529688
-0.6687057296948453
-0.3638952822934781
0.4594938559438762
-0.3559795634839851
-0.329610894094657
0.6438724580407083
-0.3257590664235791
-0.5330919153044047
-0.12509395235708462
-0.2784702727943513
0.24822868488660205
-0.8453067864857476
-0.1346909659729278
-0.8599404033270595
-0.2664460496930442
-0.8864960868414444
-0.27250667969133013
0.39490160269908886
0.6109440460238982
0.8775724578538417
-0.0730964098992111
-0.5843038060697754
-0.5049254511145164
-0.36795802679789336
-0.7036743286468057
-0.5088594120737935
0.37676610191384863
0.692414458301688
-0.029720165471543998
0.10704613012583414
-0.3845992701275605
0.6707201696780163
0.5443245253258218
-0.8137761404920394
0.34198493947575387
0.9985730049758671
-0.05299191080927812
-0.7791517068618223
-0.4037185750330522
-0.8006107944505734
0.14045053729328086
0.1986629079626819
0.22612007972494588
-0.6979831504655423
-0.5461480465344412
0.5164988749376904
0.2151771502241023
0.5421181343272727
-0.21967249983114953
-0.9101158817738657
-0.019857628173856022
-0.7413152355303828
0.2863530462638078
-0.08295229695609463
0.22715182763571798
0.8808085900321755
0.5228642882334389
-0.7116155847311129
-0.5892671554378076
-0.7726241632645345
-0.7684577576225063
-0.321689645110703
-0.012865576719087371
-0.19774548026572808
0.35885787881887976
0.786292786611448
0.3279506294893678
-0.7481964217402508
0.2857949701236809
0.6888830927512785
-0.2229892105078986
0.367871809566899
0.41937698647604804
0.9775738815113872
0.5867929351878828
-0.30115114730375375
0.73909843662391
0.4011412185983371
0.2107671443091363
-0.22658839785726556
-0.6445962664791661
0.2062385154060158
-0.876719911884576
-0.11928818976176704
-0.7000310469520346
0.04007438813052974
0.6454690113129052
-0.5840797912929633
-0.5170044778188841
